-180.2853 283.5677 0
-176.9670 282.7033 0
-231.9321 420.4727 0
-374.6911 333.1697 0
-218.8835 238.3331 0
-409.1572 343.0049 0
-159.0430 294.3923 0
-339.2779 441.8588 0
-428.9009 250.8028 0
-167.8289 353.9596 0
-396.6008 338.9544 0
-409.9904 262.0289 0
-294.2070 440.1472 0
-324.8519 387.0313 0
-360.3307 360.4021 0
-326.9193 270.8148 0
-217.2487 273.8153 0
-236.5751 198.1291 0
-358.7390 210.2754 0
-356.4458 352.0491 0
-223.3992 225.4923 0
-233.8777 306.1660 0
-179.4601 361.2561 0
-414.0641 297.8200 0
-191.5541 198.1051 0
-255.4034 420.4863 0
-384.1424 198.9234 0
-381.8216 374.8393 0
-327.5047 371.4972 0
-340.9038 327.0717 0
-198.3455 225.5716 0
-189.5630 245.5984 0
-223.3828 399.0551 0
-231.6338 242.4034 0
-319.7500 415.4212 0
-221.6967 239.4497 0
-316.2057 316.0394 0
-380.5128 204.5054 0
-418.9333 244.7596 0
-391.1781 263.8164 0
-425.4399 222.5152 0
-336.5548 192.7275 0
-262.4028 199.5103 0
-422.8480 371.2451 0
-387.8707 400.3282 0
-419.3825 236.0612 0
-178.0229 215.0076 0
-245.7455 272.6609 0
-375.0833 252.5756 0
-405.0022 222.6599 0
-285.7705 260.4324 0
-204.0463 249.5846 0
-253.2631 413.2818 0
-204.9436 363.7267 0
-384.6358 257.2966 0
-212.3066 215.8339 0
-197.4318 371.7468 0
-220.8878 313.9894 0
-234.4752 277.5093 0
-409.7339 277.6853 0
-155.6371 262.9011 0
-278.7876 258.1240 0
-404.1434 289.7532 0
-385.9582 291.6165 0
-436.5282 248.2227 0
-355.4308 170.7791 0
-312.5768 163.7787 0
-438.2573 258.5424 0
-363.9527 257.4688 0
-345.5776 210.5580 0
-402.3665 363.6239 0
-294.9686 332.1227 0
-212.5870 316.5517 0
-191.2822 332.1111 0
-356.6853 177.8433 0
-344.1538 162.7426 0
-235.6954 182.0341 0
-363.9221 365.4857 0
-248.5200 191.3264 0
-382.3685 383.7769 0
-366.5343 338.0468 0
-223.2646 215.8932 0
-413.0438 320.9052 0
-205.1647 391.1608 0
-239.7399 397.3580 0
-218.6754 386.8942 0
-199.9445 260.3342 0
-207.7218 207.7744 0
-312.3740 332.8682 0
-337.7965 422.4263 0
-169.4707 256.5685 0
-316.8563 345.5930 0
-294.9037 287.6438 0
-328.8297 371.4301 0
-370.2981 362.2915 0
-306.5670 416.9041 0
-333.0846 359.4299 0
-246.3315 290.7298 0
-415.0807 285.0949 0
-412.5731 319.7592 0
-354.2803 215.7563 0
-280.6953 358.0778 0
-290.7304 170.7528 0
-243.7767 367.7140 0
-266.4117 207.1569 0
-201.2427 389.0468 0
-257.1777 403.1046 0
-364.6127 227.6049 0
-385.6074 245.1864 0
-158.7612 259.1053 0
-291.7343 448.8903 0
-249.7757 164.5728 0
-342.5745 406.7548 0
-271.8538 340.5963 0
-386.0391 364.0915 0
-180.8334 280.4029 0
-360.0758 432.1759 0
-264.5373 262.2050 0
-290.4647 264.1294 0
-233.5121 177.6405 0
-247.1132 231.5318 0
-232.6954 409.5113 0
-399.8202 388.0274 0
-217.5119 384.8063 0
-325.1043 203.1312 0
-212.9249 372.8249 0
-155.7180 302.3940 0
-236.5352 335.2132 0
-263.0146 384.5704 0
-270.5343 304.4094 0
-215.9708 268.6284 0
-385.5739 258.4066 0
-406.8776 377.5818 0
-204.8560 320.5301 0
-180.7729 344.9108 0
-208.3864 212.9761 0
-426.1275 257.4590 0
-402.3988 391.6021 0
-414.3717 381.9563 0
-307.3352 327.0478 0
-379.2905 291.0393 0
-430.7324 291.9425 0
-402.1370 219.8811 0
-431.4934 287.9110 0
-194.8059 317.2789 0
-329.3956 166.5671 0
-356.0191 220.5162 0
-360.8321 429.2675 0
-412.8783 333.0084 0
-272.6129 398.1391 0
-278.9304 274.6677 0
-325.0397 440.8142 0
-152.5132 323.3751 0
-410.7388 346.3206 0
-238.8658 225.5482 0
-445.7859 302.5753 0
-273.1624 233.5545 0
-199.8034 372.6572 0
-427.7825 239.0367 0
-349.6226 437.1022 0
-206.2623 220.9139 0
-395.9971 242.6347 0
-304.1673 183.8514 0
-410.1867 391.1838 0
-413.0201 316.4734 0
-269.1462 300.3989 0
-363.9661 252.3412 0
-274.7773 205.3532 0
-323.5015 259.8115 0
-385.7429 285.5322 0
-391.2621 394.8640 0
-403.8511 277.0293 0
-369.1384 248.0330 0
-385.5755 403.6138 0
-318.4204 384.2949 0
-208.8926 263.5171 0
-150.7023 291.9377 0
-299.2063 377.2634 0
-418.4171 216.8574 0
-374.7117 236.4886 0
-320.7895 365.0806 0
-187.5791 379.6030 0
-206.5538 321.3403 0
-312.6179 408.6768 0
-378.0056 397.5729 0
-227.8017 170.6872 0
-259.4635 205.2065 0
-389.6226 416.3508 0
-362.2137 220.6903 0
-391.7615 255.5756 0
-349.9991 368.7507 0
-306.7481 150.4488 0
-377.9803 344.1900 0
-238.6372 178.7716 0
-281.4028 280.9307 0
-330.5071 161.1736 0
-343.3818 300.2081 0
-388.7438 420.3080 0
-284.2363 412.2173 0
-204.5899 205.3933 0
-334.6449 243.0717 0
-323.9572 152.4609 0
-255.7825 249.8692 0
-390.6292 287.6296 0
-317.2828 442.6193 0
-209.9280 294.5051 0
-420.2269 389.3705 0
-338.7834 263.9547 0
-227.1005 318.6422 0
-288.0640 253.2005 0
-439.3618 273.2652 0
-420.4203 287.3687 0
-248.7393 241.7237 0
-286.8825 244.5925 0
-320.7020 357.1861 0
-199.9525 285.2679 0
-301.0049 204.0157 0
-203.5623 190.8965 0
-223.5629 267.2260 0
-390.5645 275.4902 0
-302.4323 153.1868 0
-352.1490 271.4293 0
-301.2190 447.4287 0
-226.1000 192.2262 0
-243.6289 303.4185 0
-388.1291 410.8331 0
-294.0755 396.1974 0
-293.1441 295.8066 0
-373.8205 355.4541 0
-195.0778 207.7207 0
-395.3953 275.9284 0
-357.3584 198.3280 0
-282.3780 260.0963 0
-389.1071 391.4156 0
-278.0099 415.8673 0
-257.4109 374.6047 0
-252.7439 418.2211 0
-194.2237 377.8318 0
-256.9935 381.6685 0
-226.8390 368.3707 0
-295.3685 282.0154 0
-253.6696 254.0215 0
-367.7853 333.1986 0
-192.5972 287.2864 0
-415.3544 357.1386 0
-279.6190 199.4784 0
-312.9228 257.3259 0
-404.1740 289.1353 0
-254.6469 195.0344 0
-409.6399 239.2435 0
-297.1135 181.1503 0
-179.9799 326.8721 0
-339.3614 199.2282 0
-156.7805 271.7156 0
-186.3271 384.9599 0
-326.5224 165.2554 0
-282.4716 323.4029 0
-291.5131 193.0327 0
-233.7239 195.8888 0
-391.2059 361.8582 0
-244.6224 220.6633 0
-383.5724 294.7151 0
-208.7354 200.0470 0
-361.3648 422.1674 0
-387.4612 238.2315 0
-425.4121 222.5526 0
-227.7147 365.8599 0
-379.7237 407.0986 0
-222.9796 242.4425 0
-368.9946 215.1969 0
-183.7283 231.6117 0
-339.2833 431.1537 0
-381.4111 177.4070 0
-346.8449 386.9823 0
-182.6605 308.8510 0
-312.8787 392.5272 0
-237.4846 298.3147 0
-323.4306 301.5767 0
-342.2535 376.6078 0
-175.0057 381.9208 0
-239.8223 345.0372 0
-430.1243 260.0472 0
-263.5309 276.3791 0
-314.9828 333.0653 0
-388.7014 302.7188 0
-212.2653 329.2182 0
-246.3756 227.4285 0
-177.3826 382.5166 0
-269.1997 271.2199 0
-247.3920 273.2692 0
-182.5659 252.6875 0
-410.2327 391.2985 0
-351.6509 413.3470 0
-424.0319 267.5945 0
-326.3645 200.2553 0
-222.2150 201.9692 0
-228.2919 419.8515 0
-225.7072 358.8847 0
-174.8407 307.6704 0
-289.4317 441.1666 0
-176.8390 357.4049 0
-276.3594 415.8502 0
-312.5560 160.7704 0
-228.4568 232.8899 0
-317.9674 169.8334 0
-376.8297 229.6413 0
-297.1562 293.7027 0
-192.0333 358.4346 0
-384.3852 345.3212 0
-178.1254 265.3930 0
-264.6917 315.7444 0
-361.3925 365.5920 0
-417.9698 241.2549 0
-310.7768 303.8263 0
-230.4270 340.7390 0
-255.2950 194.2667 0
-318.6986 288.1960 0
-309.7811 225.1724 0
-401.1561 248.5048 0
-386.9089 187.1250 0
-351.3606 294.7439 0
-181.3046 275.1728 0
-265.9037 191.2584 0
-313.6036 435.6705 0
-435.4565 246.1892 0
-290.4454 182.9054 0
-429.6490 321.2259 0
-213.5600 306.2875 0
-176.2244 377.1864 0
-254.8676 353.6143 0
-196.4838 250.1942 0
-385.5205 331.1498 0
-220.6108 307.4940 0
-351.4241 220.8239 0
-368.9213 426.9763 0
-376.0331 175.6855 0
-329.2613 259.9305 0
-324.6822 374.1799 0
-439.8511 293.5419 0
-259.7149 409.8479 0
-346.0165 433.9004 0
-290.1927 247.5277 0
-425.0219 313.6889 0
-158.6218 255.3804 0
-284.8238 397.4071 0
-188.3842 302.2339 0
-245.6692 244.1157 0
-400.7435 304.3904 0
-178.3678 259.6564 0
-401.5281 401.2552 0
-203.5160 309.6969 0
-186.8271 321.0838 0
-239.5667 222.7351 0
-299.3703 440.8565 0
-186.1519 295.4365 0
-364.1620 337.4585 0
-305.3905 424.5834 0
-370.2348 409.8330 0
-438.8137 310.6102 0
-249.4528 240.4961 0
-323.5818 381.8282 0
-242.2949 436.5746 0
-308.5932 226.4951 0
-237.5186 388.9721 0
-395.3868 258.0476 0
-292.9874 167.9398 0
-228.4698 249.6280 0
-324.3693 389.6467 0
-359.4576 171.0786 0
-245.1233 370.9852 0
-413.4818 262.8911 0
-370.7375 396.3642 0
-394.5273 395.3885 0
-264.2956 369.4283 0
-337.7323 412.0663 0
-378.2459 319.0882 0
-345.9191 224.8283 0
-180.4512 225.2958 0
-409.4144 258.7573 0
-165.3048 269.9023 0
-364.9731 332.3391 0
-174.9820 314.1967 0
-210.2931 273.3735 0
-231.2616 389.1083 0
-202.8225 323.2693 0
-215.5336 282.3793 0
-277.7073 416.5510 0
-345.6703 226.2028 0
-268.5843 304.2246 0
-429.1717 277.2619 0
-305.3192 325.2444 0
-440.1732 273.2672 0
-425.7635 315.4150 0
-269.2760 319.6385 0
-339.6363 409.5692 0
-388.4292 289.7497 0
-274.3167 442.8605 0
-358.8989 265.6643 0
-389.1139 251.0984 0
-354.6982 223.8419 0
-368.3459 318.0948 0
-219.6314 407.0219 0
-359.2068 163.5528 0
-263.0261 228.9816 0
-414.1826 312.4043 0
-411.9263 297.9675 0
-200.4137 318.4160 0
-265.5031 180.5665 0
-185.9139 322.4279 0
-345.3223 244.0777 0
-397.3013 342.6419 0
-394.1312 358.3890 0
-289.2203 252.8344 0
-412.8767 242.8416 0
-260.5146 160.1345 0
-235.0284 320.7962 0
-295.3765 159.0122 0
-243.9497 339.3524 0
-257.0804 348.7163 0
-300.5477 209.4213 0
-305.6666 278.1103 0
-161.9495 349.1892 0
-301.0436 187.2553 0
-309.3927 277.2357 0
-305.0388 421.3445 0
-281.5993 346.5982 0
-199.2283 337.6285 0
-243.0330 396.1194 0
-361.5087 173.2571 0
-389.5674 274.2761 0
-253.0490 275.2867 0
-175.5616 313.3225 0
-371.0767 217.9955 0
-326.4747 219.6872 0
-381.8849 288.9924 0
-283.4448 261.4276 0
-212.0689 360.0583 0
-271.8657 306.2081 0
-208.3743 298.7752 0
-252.0096 333.0878 0
-152.6051 312.0190 0
-252.0878 221.0572 0
-411.8624 293.5614 0
-380.1706 396.8893 0
-295.9777 256.3213 0
-250.1828 229.5418 0
-358.9469 396.6105 0
-230.5620 272.2380 0
-441.3220 348.4078 0
-293.5995 346.7833 0
-377.6713 254.7997 0
-396.7774 356.3985 0
-185.0280 261.9956 0
-242.9505 325.4302 0
-406.5072 256.6638 0
-203.3255 268.2726 0
-276.2469 248.1781 0
-341.3050 175.0498 0
-288.3831 305.4461 0
-166.9471 251.5286 0
-420.1163 241.3655 0
-215.5844 375.6636 0
-191.2888 251.9937 0
-247.6360 328.8577 0
-259.9658 334.7506 0
-329.3671 209.8979 0
-262.7422 194.0956 0
-420.3906 335.6886 0
-385.7271 271.4385 0
-365.6344 304.1935 0
-338.6273 255.1107 0
-399.9313 405.5577 0
-213.0209 320.8976 0
-159.8122 314.2905 0
-226.8649 349.1613 0
-220.0609 290.4509 0
-251.7525 308.4738 0
-284.2865 227.7598 0
-289.5594 209.9604 0
-257.1833 360.5654 0
-226.0774 239.7513 0
-284.1353 249.1403 0
-175.8602 220.7633 0
-226.3699 268.8910 0
-249.9919 212.4066 0
-385.1093 312.3777 0
-316.3439 192.0952 0
-211.6927 213.5003 0
-283.1816 163.8232 0
-278.3964 389.0251 0
-188.1263 264.1965 0
-204.2584 186.3151 0
-241.3680 412.7679 0
-307.1868 319.2751 0
-370.5146 378.7357 0
-399.5333 237.9653 0
-311.9302 204.1050 0
-230.1130 356.1748 0
-264.5543 362.4725 0
-364.0236 304.0604 0
-361.3119 342.0026 0
-249.9582 165.7510 0
-293.7123 172.2714 0
-168.2692 303.3914 0
-274.7353 243.2369 0
-253.3985 333.4867 0
-271.0529 205.4545 0
-252.9713 373.7040 0
-321.2264 330.0138 0
-154.2716 266.1821 0
-337.4300 378.4274 0
-340.2870 215.3691 0
-376.5422 224.8036 0
-417.8445 246.5465 0
-364.5608 346.0784 0
-372.9752 391.8932 0
-254.8451 349.1786 0
-159.3995 306.5587 0
-320.1525 244.5133 0
-193.4880 232.9945 0
-296.0672 341.3733 0
-284.9589 255.5869 0
-379.3844 398.5265 0
-388.9875 195.0345 0
-414.6651 390.0579 0
-168.3419 337.5260 0
-327.7344 162.9732 0
-352.7845 331.9861 0
-334.4022 420.9943 0
-249.2578 217.5674 0
-194.2036 323.0503 0
-275.7961 206.4729 0
-429.6643 267.1993 0
-294.5956 403.8599 0
-371.7143 370.9539 0
-267.1978 164.2007 0
-278.3128 408.9895 0
-335.5451 380.2277 0
-388.0276 362.5714 0
-251.6711 251.2645 0
-420.9545 258.9535 0
-417.0977 381.3764 0
-196.6795 195.2916 0
-291.1369 254.1859 0
-369.8595 425.2121 0
-295.1960 182.8578 0
-270.3788 197.9265 0
-402.2104 373.8201 0
-403.8274 196.1223 0
-355.2243 270.6488 0
-189.8865 341.1474 0
-318.8026 389.4096 0
-204.2121 260.8132 0
-322.8679 412.7022 0
-235.1667 366.0885 0
-405.6956 251.9881 0
-218.8262 364.3842 0
-187.5252 237.5484 0
-257.9507 215.2450 0
-335.8429 280.6771 0
-259.9645 171.6670 0
-344.8855 329.6086 0
-270.9445 195.0911 0
-358.7759 395.3376 0
-206.5106 374.6364 0
-261.7434 390.0157 0
-252.4227 267.7846 0
-418.1241 259.1703 0
-338.2094 372.1921 0
-444.9365 299.0063 0
-263.9004 392.9847 0
-298.8102 288.2089 0
-372.1411 342.4309 0
-378.0183 202.2849 0
-427.0725 377.8940 0
-331.2104 406.1699 0
-208.7111 351.0122 0
-243.1651 378.2200 0
-188.0057 255.1676 0
-295.0364 185.8508 0
-281.9369 333.9616 0
-253.5723 441.3227 0
-232.5275 182.0679 0
-312.0067 285.2520 0
-398.3198 328.4954 0
-414.2767 376.2626 0
-445.3693 289.8576 0
-204.2000 402.1186 0
-334.6724 347.9133 0
-265.8438 433.3398 0
-278.6653 225.7882 0
-240.5885 210.3463 0
-302.4850 238.4605 0
-221.3680 201.1222 0
-282.8078 403.3268 0
-299.7580 345.6049 0
-383.6324 192.8682 0
-182.3576 276.6898 0
-259.8961 317.3271 0
-202.2926 189.0847 0
-393.2147 351.2385 0
-237.1089 212.5957 0
-258.1523 258.2607 0
-197.7243 383.5991 0
-403.2429 195.7755 0
-288.8042 307.4694 0
-271.5562 348.6527 0
-169.9349 241.1060 0
-263.9604 400.3368 0
-288.2454 340.5789 0
-278.2907 422.9814 0
-427.0105 262.3919 0
-399.4228 298.6810 0
-300.8527 352.8316 0
-175.1868 260.2520 0
-350.7935 382.3935 0
-187.8714 302.2975 0
-408.3062 279.8825 0
-300.6114 227.4718 0
-425.5502 245.7510 0
-222.6871 188.6216 0
-269.2377 397.3861 0
-158.8632 251.2500 0
-272.4404 418.9854 0
-313.5962 429.4890 0
-343.3479 160.1801 0
-217.7880 244.4208 0
-260.6475 234.2027 0
-431.6337 255.6036 0
-411.6222 261.4094 0
-356.3471 303.8248 0
-279.5426 262.2791 0
-224.0402 267.9597 0
-363.7947 263.6576 0
-200.1163 406.7270 0
-240.0588 226.1059 0
-231.0136 386.4068 0
-357.0299 179.3587 0
-325.9880 443.2638 0
-421.0402 387.1257 0
-225.0404 368.2003 0
-350.7811 287.2867 0
-441.4788 343.6816 0
-252.2370 316.5973 0
-326.0856 323.1492 0
-209.7476 225.4777 0
-232.7009 249.0902 0
-187.6041 373.7088 0
-210.1717 254.2846 0
-283.1801 225.1537 0
-370.9005 265.0862 0
-291.5960 247.1309 0
-260.6404 236.0001 0
-264.2581 405.0631 0
-339.3875 203.4256 0
-324.6898 196.3921 0
-199.9523 263.3787 0
-361.7786 170.4523 0
-319.1607 262.7118 0
-179.5499 250.7118 0
-295.5087 348.4002 0
-244.5013 292.7102 0
-185.2825 378.8186 0
-182.4794 371.1306 0
-361.5422 318.9525 0
-364.1143 284.0375 0
-331.9056 154.3162 0
-403.5204 261.0262 0
-360.7616 253.9663 0
-384.8655 399.5315 0
-287.5016 445.9840 0
-184.1450 311.3887 0
-377.2076 360.4782 0
-256.8273 251.4026 0
-406.8867 380.9980 0
-217.6798 348.5266 0
-341.8055 442.2839 0
-406.3311 386.9441 0
-370.0041 301.7243 0
-357.4658 188.6101 0
-257.5893 417.3673 0
-222.5038 297.2256 0
-380.6501 185.0254 0
-368.2693 410.3360 0
-314.4780 381.4056 0
-345.5428 414.8711 0
-227.3889 411.1566 0
-329.5575 154.9984 0
-245.2024 324.7132 0
-393.9083 307.1324 0
-256.0354 222.6076 0
-315.6085 225.6392 0
-271.1635 360.3471 0
-288.0451 281.3954 0
-287.5661 261.2610 0
-350.5075 280.0947 0
-286.1979 363.9870 0
-291.9887 385.5910 0
-283.4047 213.8944 0
-387.3397 258.0997 0
-324.9871 434.2807 0
-288.0221 167.2462 0
-408.4650 393.5714 0
-359.7391 367.2275 0
-343.5047 391.0583 0
-160.6831 334.0566 0
-299.3060 249.7126 0
-246.9609 184.5473 0
-194.0404 263.7251 0
-392.9354 288.3064 0
-202.5164 391.7455 0
-392.8831 265.6526 0
-294.4853 318.2337 0
-216.4419 393.7717 0
-170.0161 366.9031 0
-387.4279 276.5883 0
-173.8192 232.6485 0
-304.3740 321.1685 0
-253.9554 225.8574 0
-349.9504 201.5006 0
-330.9095 413.5899 0
-157.2493 262.6634 0
-205.9779 400.7014 0
-250.4304 177.9679 0
-300.6937 329.4728 0
-250.9596 330.1303 0
-317.6890 284.5225 0
-258.5402 179.8617 0
-396.7609 401.1823 0
-429.8857 263.3953 0
-345.8887 319.7947 0
-266.0730 445.0193 0
-314.7942 353.5890 0
-397.8180 358.7398 0
-229.3684 284.0453 0
-336.2544 174.7603 0
-405.5261 380.1651 0
-417.2939 207.8917 0
-356.8679 339.1883 0
-217.5496 386.8277 0
-176.7823 227.8079 0
-350.8526 311.1538 0
-303.5401 314.0489 0
-357.3941 259.4415 0
-278.8750 221.3121 0
-194.3207 253.7516 0
-234.8604 311.6867 0
-247.8144 184.6671 0
-361.6261 299.3539 0
-315.1055 346.7529 0
-390.0847 388.5486 0
-295.9177 449.0508 0
-269.8697 405.3799 0
-212.3079 206.3544 0
-215.9731 200.1571 0
-214.2837 257.6451 0
-311.0078 359.4635 0
-191.6946 252.3539 0
-429.2500 294.0344 0
-261.1308 193.1647 0
-161.1641 290.2714 0
-298.3970 391.7623 0
-309.9574 158.6078 0
-425.7471 304.3792 0
-369.8942 305.4687 0
-285.6091 181.0303 0
-302.3275 375.0240 0
-245.8380 282.3844 0
-311.4202 395.6043 0
-339.9271 234.7034 0
-389.5137 350.8747 0
-420.8336 244.4299 0
-172.3528 342.7889 0
-409.4228 397.4768 0
-411.5249 314.6183 0
-179.6363 264.4832 0
-315.3125 285.2603 0
-194.0157 230.0909 0
-400.6312 395.3156 0
-348.2221 232.1057 0
-204.3073 282.8734 0
-342.2717 245.6325 0
-247.5537 228.1416 0
-414.9368 370.4082 0
-196.8900 193.3673 0
-259.5201 332.9996 0
-428.8341 235.3059 0
-386.3235 208.5570 0
-356.2085 434.2924 0
-217.0993 278.5679 0
-333.1631 262.2542 0
-427.0312 319.7007 0
-404.5287 231.5700 0
-338.1124 240.7831 0
-264.4678 257.3289 0
-272.0641 343.4746 0
-418.4561 330.1249 0
-342.6457 422.0533 0
-295.9616 424.2069 0
-192.8863 328.0356 0
191.2605 -263.1884 0
22.3221 -42.9613 0
62.5715 41.6693 0
232.9325 34.4690 0
-51.1411 -371.9164 0
-171.3425 -194.5989 0
3.9894 -271.7734 0
52.0891 53.5521 0
-93.2461 -335.1597 0
139.5968 -365.7349 0
92.2095 -128.0366 0
125.0521 -296.4980 0
-24.8650 67.6160 0
23.7265 96.6903 0
-62.8213 74.5067 0
238.0649 7.1160 0
127.6188 -414.6435 0
137.9698 -305.8856 0
193.3324 46.4938 0
166.0138 -395.0772 0
-33.0849 -221.6961 0
111.7027 -81.9096 0
-223.9436 -325.9031 0
-26.8939 -329.3059 0
71.0189 9.4057 0
-132.9817 59.8616 0
54.2426 -332.1901 0
-268.8441 -214.9480 0
37.6874 -175.4891 0
-51.7608 -316.7122 0
-131.7323 1.0359 0
-190.0644 -172.6397 0
56.8346 -171.4167 0
-102.8752 69.1719 0
91.6803 -399.4014 0
22.0556 -242.8589 0
181.3926 -303.4796 0
116.7919 -167.5988 0
160.4594 -14.6408 0
-41.0567 -343.7613 0
-270.9473 -44.9449 0
-40.7537 -119.6341 0
11.5532 5.8892 0
4.3756 114.7498 0
-167.3845 -206.2034 0
-82.8361 -70.2525 0
157.9387 -287.6584 0
259.1510 -93.5154 0
115.3837 -269.1255 0
105.5886 -216.8836 0
26.7006 -247.6065 0
240.0605 -193.8144 0
-51.9002 -293.6632 0
35.5626 123.3263 0
59.8490 8.7009 0
107.2397 -0.3391 0
-279.3213 -133.9221 0
189.7459 50.6938 0
-8.8985 -197.0145 0
-240.4950 -123.8662 0
210.6385 47.9551 0
-123.7944 -294.8621 0
-56.5994 -82.3630 0
116.3848 -127.3985 0
255.5018 -295.5696 0
-83.8616 38.7093 0
-216.2471 -249.1150 0
242.7425 -122.7734 0
7.3920 9.7184 0
-89.8596 94.3207 0
-231.6026 -216.1184 0
-202.9973 53.1739 0
-238.9693 -291.7531 0
-91.5546 -145.5859 0
-159.7836 -214.9853 0
-169.4431 -206.1091 0
30.9861 21.6371 0
-230.8119 -49.7292 0
42.4995 135.0184 0
-66.2327 -226.8436 0
115.4490 105.8121 0
302.6702 -148.7659 0
144.5423 -327.4104 0
-122.8795 -358.8779 0
99.8988 123.1472 0
194.9311 -334.9765 0
-223.8780 -128.7425 0
-27.7296 -147.0559 0
258.6588 -184.6922 0
265.9920 -258.4622 0
225.1630 -9.9188 0
228.5330 0.2557 0
160.9734 -38.0464 0
273.8762 -232.2491 0
209.4780 -27.3050 0
86.9329 -57.3783 0
-15.4899 129.7768 0
-82.9288 -190.5222 0
163.0651 -317.1984 0
-121.3647 -15.2041 0
1.6087 139.4953 0
-78.9292 -11.8751 0
-64.3309 -10.9543 0
-51.8237 32.8812 0
287.0151 -121.2681 0
23.5457 -232.6986 0
99.4538 -333.3008 0
226.0960 33.1402 0
278.7426 -86.2214 0
111.9944 -329.3018 0
-223.5670 27.0483 0
86.7369 -169.0774 0
-246.6471 -203.1976 0
44.5454 -145.6427 0
213.9096 -19.3923 0
-79.7602 -26.1337 0
169.5319 -311.7427 0
87.1706 -157.7210 0
92.8441 -297.9074 0
-141.3979 -369.5988 0
139.0654 116.6508 0
-82.1710 -125.4577 0
-49.7043 -335.0488 0
199.4191 -158.0352 0
-196.4724 -283.7655 0
42.5063 -267.6487 0
161.6888 -168.5502 0
-41.8985 -202.3690 0
143.3148 -415.6620 0
48.3213 -5.0434 0
32.7305 -46.7551 0
-159.8709 18.3430 0
39.7749 11.0251 0
-73.1149 117.6696 0
139.0066 108.9471 0
-196.2802 -287.3737 0
224.8112 -335.3827 0
64.9846 -59.6285 0
-104.5348 -208.4761 0
-22.5199 107.8334 0
198.4756 -142.9111 0
-142.2012 -375.0464 0
-48.8621 83.3456 0
-36.0726 -93.9474 0
24.2851 -159.4490 0
90.9902 -234.0043 0
226.5781 -75.7751 0
220.2575 -53.2428 0
-169.5562 -317.3218 0
135.0958 -281.6242 0
105.6119 -146.0385 0
-196.8272 14.4572 0
-43.9375 -238.5608 0
141.1659 -247.9749 0
-265.0479 -96.2073 0
-32.6289 14.5728 0
-53.0194 -315.4657 0
187.1064 -240.3891 0
149.4078 -339.7746 0
28.2986 -303.5234 0
-257.7792 -80.4240 0
-26.0755 -323.0970 0
77.9262 -254.6476 0
44.0615 -153.6915 0
3.4965 -279.2344 0
109.2196 -255.7773 0
-52.6112 -30.7856 0
-20.0747 -101.9270 0
60.7688 -376.5058 0
-26.9948 60.4436 0
-154.7770 -95.9737 0
-240.1436 -219.5331 0
-134.9157 -120.6497 0
-12.7675 -418.8647 0
148.5735 -164.3341 0
2.4621 118.9881 0
106.8924 105.9501 0
192.9121 -48.8163 0
-113.5646 -278.6561 0
237.6603 -277.8264 0
104.2537 -323.5709 0
51.4967 -147.1356 0
-75.8001 102.8755 0
-65.3830 -247.9575 0
260.3165 -79.5880 0
-47.8569 76.7960 0
31.8078 58.2184 0
219.4044 30.9487 0
-71.4958 41.9068 0
184.7724 -311.4852 0
-140.5052 -9.1459 0
-211.0940 -131.8257 0
42.2305 -106.3966 0
174.6291 -394.8715 0
76.2745 93.6132 0
-273.7682 -99.9807 0
206.4656 64.6618 0
-223.5689 -325.6424 0
-16.5366 -273.6469 0
159.6387 66.4680 0
29.4063 62.2362 0
-214.4771 -221.0276 0
-252.9389 -249.9192 0
138.6154 -310.2569 0
-74.0263 -399.0670 0
82.2177 15.6065 0
59.1562 -237.3730 0
278.0965 -26.4476 0
106.3022 94.8137 0
136.8362 83.4425 0
-11.8219 -305.9926 0
187.2487 -380.1654 0
73.6577 -224.1650 0
15.3181 -367.5235 0
-126.6367 -100.4382 0
-56.4622 11.4739 0
-164.2132 -68.2895 0
-1.1843 -168.6845 0
-18.1166 -78.1291 0
239.2159 -333.2781 0
-269.9001 -192.3412 0
41.4035 92.3388 0
-182.2027 -7.8751 0
230.7898 -351.9614 0
-251.1552 -259.0331 0
-64.4869 111.5600 0
52.2460 -296.7298 0
-138.4733 33.0096 0
125.2898 -181.3609 0
237.2474 -207.6693 0
-287.6961 -146.7946 0
-106.9429 -306.6561 0
-78.6458 -130.8705 0
228.0625 -114.1477 0
-22.9036 -28.8980 0
-158.3116 49.8069 0
221.0449 -85.7416 0
-40.0031 -177.1946 0
150.2116 -181.7904 0
-109.6961 -356.7289 0
136.9606 -255.6293 0
-7.7156 79.5309 0
-251.5517 -170.0932 0
128.4299 23.9814 0
114.9692 -290.6038 0
10.9444 -339.7659 0
-20.8755 -82.6775 0
-103.6640 -316.6995 0
-181.2889 -227.5671 0
177.3526 -194.3641 0
-108.1807 -215.6009 0
112.2604 30.7363 0
-174.2155 -133.1058 0
-287.2834 -121.9506 0
281.8301 -74.6409 0
187.1594 -118.6790 0
-108.0735 78.2645 0
-116.7387 -74.6581 0
176.8790 -345.3676 0
173.6173 -217.8275 0
24.1525 -234.8110 0
34.5111 28.2381 0
-164.6805 -41.0003 0
70.8702 109.5203 0
1.5224 -236.1610 0
-181.2919 -234.8902 0
-158.3689 -33.0397 0
-7.4382 -303.2450 0
-142.8266 -39.6032 0
129.8461 -330.9510 0
16.5434 0.5814 0
-139.7493 -153.6455 0
214.6006 -13.6178 0
269.1284 -289.4623 0
-201.8421 -37.2861 0
228.4087 -158.1764 0
55.1377 87.3161 0
-27.0958 27.7844 0
-37.1752 -251.9370 0
-148.6603 35.1095 0
-219.7346 -267.1554 0
295.0019 -208.1631 0
-93.7324 -225.8546 0
163.0630 -121.5799 0
-254.8439 -67.7868 0
-229.4866 -322.3167 0
-10.8272 -255.1166 0
20.0866 -204.3950 0
86.2954 -406.3360 0
172.4836 -96.8431 0
187.7976 -160.0408 0
-131.4483 -202.2399 0
-148.8011 14.2316 0
-162.6983 -194.6178 0
0.4666 -236.8808 0
151.7739 -173.2092 0
-56.1534 -359.7703 0
173.1640 -109.5360 0
63.4041 -198.4069 0
-140.6711 -242.5126 0
153.6790 -227.9477 0
-93.6861 -348.7641 0
260.3057 11.7089 0
165.3671 -111.8635 0
194.8326 -303.2191 0
-252.4323 -116.8035 0
256.4422 -104.1841 0
-232.8057 -310.2642 0
-98.9873 -222.7083 0
-121.8863 -264.9518 0
-203.2238 -316.8213 0
-58.2859 -333.5411 0
82.5114 -170.8874 0
-192.0785 20.9086 0
-126.8791 -252.8696 0
-226.1651 -296.0159 0
-33.2679 -424.4495 0
-225.0963 14.3531 0
-3.9856 -312.7412 0
38.4911 -248.4686 0
-34.5334 -187.4238 0
-54.8727 52.9352 0
-108.6734 -260.3497 0
-133.4993 69.1112 0
141.0791 20.4913 0
-96.8293 -73.7022 0
-19.9083 -172.8903 0
42.1982 -339.6245 0
284.1064 -139.1733 0
122.9928 -311.9844 0
14.9697 -235.2155 0
-162.8590 -105.6735 0
-40.9801 -187.4834 0
155.2471 -212.6968 0
230.8880 -320.3932 0
-241.0978 -302.1479 0
149.7373 -370.9321 0
-262.8489 -228.4223 0
160.1008 -213.4988 0
-231.4146 -242.7495 0
-221.3761 -272.3054 0
-30.2833 -412.1085 0
24.8276 -65.6246 0
273.1878 -267.6334 0
-271.5521 -214.0429 0
22.4925 -22.6648 0
-192.1547 -113.8115 0
247.2539 -92.6661 0
-68.0949 -119.5858 0
-81.8228 -129.5529 0
114.0933 -388.4570 0
-71.1722 -181.5240 0
-246.8338 -139.9908 0
-140.5810 -310.8474 0
-208.2059 -132.5846 0
180.1305 -221.0007 0
164.3194 -273.5233 0
27.4143 129.2399 0
-50.4914 -387.4514 0
-145.7647 -123.8326 0
287.8365 -113.8014 0
6.9360 -50.1117 0
-162.3356 -119.9364 0
-160.0235 15.4312 0
-207.7278 -341.8902 0
-102.8596 -370.4917 0
54.9047 -244.6995 0
198.1978 -304.5244 0
-27.4923 -12.0648 0
247.3426 -235.0413 0
139.8595 94.9135 0
-22.5779 -445.8531 0
139.1678 -398.9035 0
30.1700 -155.6254 0
34.3906 -122.1284 0
112.0434 -249.8082 0
42.1851 90.8882 0
49.5900 -114.8920 0
-2.1985 -325.4112 0
47.6950 -39.9194 0
209.8483 5.6515 0
18.9555 -294.1536 0
-159.1121 16.9584 0
-191.7447 -268.6462 0
-162.4927 -11.9822 0
-32.7250 -19.5735 0
-31.0130 -270.8740 0
-7.4012 137.8709 0
-163.1512 -388.0735 0
213.3989 53.0541 0
-223.7101 -53.4885 0
151.8269 -277.5709 0
81.4659 25.2477 0
271.8640 -269.8955 0
88.3103 68.4509 0
-197.8185 -241.1531 0
106.4435 -59.2790 0
230.4300 -250.8747 0
-160.0327 -135.4349 0
-57.8482 -4.8547 0
-22.9455 141.5133 0
39.8162 -133.4081 0
60.8519 -60.4402 0
-61.3663 -330.7864 0
132.0244 -197.4403 0
-6.8325 -313.8182 0
158.3135 3.6286 0
220.1153 64.0095 0
0.2832 -143.5971 0
112.1458 120.5258 0
85.6471 -234.4054 0
268.6090 -144.7433 0
180.4836 21.0786 0
204.0165 -54.8519 0
-51.8190 4.6732 0
-176.2883 -274.5224 0
67.7019 -174.2470 0
-218.2104 16.2815 0
114.3265 41.1305 0
-98.9035 -66.3615 0
7.5304 -231.9376 0
-9.9900 -18.5238 0
-115.1807 -209.6871 0
253.2303 -86.2728 0
-101.4515 -37.2451 0
-64.8113 -120.2192 0
69.4952 -202.2658 0
-61.7284 -155.4550 0
-114.4750 10.4769 0
-255.4937 -151.4314 0
-260.0835 -189.3282 0
-150.2258 -106.1812 0
-94.6499 -65.0622 0
154.5268 -99.8319 0
-86.8480 -271.9860 0
53.1955 -251.7799 0
42.6161 -150.3964 0
80.7188 117.8410 0
-199.9187 -127.7115 0
-84.1007 5.2718 0
-206.2032 -17.4696 0
80.3169 47.6902 0
99.5652 -328.6480 0
-206.6395 51.0562 0
167.4255 -133.1047 0
-31.0450 -298.3593 0
151.9278 -35.2414 0
-218.3067 27.2855 0
37.3812 -175.7827 0
289.5942 -155.8315 0
-233.9108 -177.1827 0
-10.8961 -36.2999 0
156.3884 66.1483 0
102.7821 10.5576 0
-83.1579 39.3794 0
-95.4318 1.7642 0
-31.3247 -380.3145 0
-277.7189 -124.1715 0
67.7695 -50.6455 0
-103.6586 94.0030 0
64.0689 -335.7186 0
-195.3873 51.7198 0
117.7428 -258.1937 0
126.2070 -69.7695 0
48.2301 -62.9504 0
129.3822 -49.7048 0
19.6452 -126.5009 0
146.6694 92.4477 0
80.9574 0.0539 0
-126.2039 -259.8479 0
84.9961 -362.2744 0
-7.7382 102.2679 0
100.4285 -64.7050 0
168.6539 -284.4318 0
-211.4138 -296.8498 0
-0.5766 -306.7231 0
228.8646 -13.1882 0
118.7355 103.8454 0
263.6937 -134.5316 0
-253.6313 -24.0779 0
-96.9632 95.7026 0
168.9205 -264.3689 0
-67.3922 93.7893 0
-57.4091 91.4845 0
-186.1807 -283.4115 0
18.2693 -370.7548 0
35.7477 91.7173 0
152.7260 -318.8611 0
-6.6266 -125.9231 0
-235.3370 1.5288 0
21.1037 11.2738 0
-49.6172 -269.5348 0
215.3116 -205.4684 0
139.8769 -258.2042 0
33.5742 -79.8095 0
-204.2697 -315.6176 0
214.2752 -10.4688 0
238.2354 -146.1104 0
49.6180 -66.5213 0
-238.6268 -3.0061 0
70.5121 88.6662 0
102.3627 -314.2661 0
233.2735 -30.4137 0
172.4135 72.3895 0
76.1430 -22.3221 0
162.9272 -372.7846 0
48.2285 -91.2978 0
-175.0745 -192.3854 0
-76.2266 11.0624 0
-134.2312 35.9845 0
156.8392 -353.4232 0
-65.1600 -38.1652 0
45.5155 -242.4765 0
45.2348 -127.4933 0
33.1988 -323.4108 0
-136.4604 -303.0970 0
-184.8273 7.7236 0
298.4295 -130.1850 0
-14.3396 -223.0287 0
19.5469 -301.2576 0
96.2878 -318.8262 0
-71.1398 -165.1427 0
24.8502 -389.7911 0
-155.4124 -297.0500 0
-192.0182 -77.1563 0
-136.1899 -46.6055 0
-162.9706 -127.6474 0
202.3649 -268.7867 0
-164.6704 -102.3463 0
55.9261 -49.2847 0
160.3431 -159.2325 0
-53.8849 -93.0933 0
-232.4591 -318.7747 0
192.6920 -53.4562 0
21.5883 -229.1767 0
103.4956 -165.6747 0
82.0530 -340.0917 0
-164.5518 -258.8234 0
-156.5317 -121.9303 0
210.7448 -64.8082 0
-120.7021 -387.2541 0
160.1484 -331.6442 0
-15.7949 -34.0372 0
-22.6543 35.7308 0
-218.3160 -213.6085 0
122.0815 58.2961 0
-19.9214 -20.4666 0
-97.8618 -54.7877 0
-34.8950 -81.6443 0
-54.3069 -217.0496 0
54.9454 -32.7304 0
-20.0995 132.2910 0
62.0469 71.6156 0
-103.6328 125.3481 0
-211.2931 -326.5469 0
-65.2910 -344.9792 0
102.4702 -420.3494 0
50.6645 -114.5064 0
228.5578 -118.5030 0
237.3982 -257.0101 0
293.7612 -173.0119 0
-135.9732 -184.9962 0
19.1642 -427.3481 0
-129.7194 -329.4728 0
-61.1931 -279.9963 0
196.3306 -272.0085 0
219.1366 -135.2709 0
93.3338 -202.4545 0
-67.9789 -3.0078 0
-112.7586 28.6310 0
270.3828 -263.6075 0
107.8519 -380.3614 0
-141.7377 -365.8680 0
104.7902 -247.3723 0
77.4225 -379.7941 0
-247.2115 -114.5466 0
121.3764 -423.9261 0
288.5868 -198.6642 0
247.3265 -291.7133 0
10.6529 -45.6861 0
-41.6298 95.8201 0
-87.8636 -221.2217 0
179.0721 -359.1550 0
-85.7012 -269.0481 0
73.3295 -230.8284 0
204.5022 -277.5558 0
293.7132 -140.2410 0
177.5553 58.5777 0
-248.4712 -108.6657 0
-62.9237 -252.8711 0
-262.6227 -167.9679 0
-139.8596 -16.1274 0
-55.7705 -197.4626 0
-130.2627 -370.4931 0
200.0061 27.3836 0
135.1038 -6.7437 0
292.8700 -241.6024 0
65.4328 -387.2495 0
188.6295 11.8985 0
47.6675 -74.4785 0
47.9193 35.9633 0
-155.4098 -39.2858 0
30.1690 72.5606 0
-29.8271 -17.0152 0
125.6172 -29.9035 0
261.1162 -278.3920 0
-89.6457 -396.4714 0
-52.9348 86.4942 0
164.2962 -312.9894 0
-268.2028 -171.4665 0
299.2751 -140.4046 0
-114.5070 -374.9106 0
-147.8474 67.8848 0
-14.9840 -382.3615 0
-37.0661 -139.0535 0
-119.3049 15.3892 0
-66.2890 -212.3503 0
-186.1527 -115.1199 0
288.1299 -95.6009 0
93.5500 -322.2246 0
65.7150 -351.4886 0
-59.5834 96.8250 0
-97.7410 -252.9692 0
-151.4094 -308.3472 0
-104.9872 -254.4971 0
75.4410 -59.2880 0
162.8155 -177.0401 0
-233.9581 -124.1823 0
99.8894 48.4764 0
180.9343 -53.2946 0
-122.3305 -351.3134 0
51.3993 -262.4843 0
219.1979 -349.6185 0
153.7194 -66.3136 0
-83.6935 8.3559 0
-44.1923 143.7669 0
-137.5277 -119.4572 0
64.5840 -433.3488 0
-207.6541 -254.7735 0
24.4469 148.3573 0
265.7192 -93.6082 0
-180.7701 -271.8123 0
130.3810 -242.7481 0
-283.7014 -112.6477 0
-150.8069 -159.9831 0
-45.9621 -334.3132 0
-191.6024 -331.9351 0
-10.5564 -13.2556 0
7.9596 -305.2114 0
91.9073 -70.9749 0
99.5240 -294.1230 0
-212.8495 -266.7417 0
-210.8777 2.4337 0
76.5420 -4.7035 0
-109.4717 -10.7137 0
142.4831 27.9748 0
-239.2603 -62.4554 0
16.6708 -239.3475 0
199.4514 -264.3179 0
-140.5536 -54.3613 0
125.7292 -143.8121 0
-81.1847 -420.6648 0
-190.3925 -101.1592 0
174.8798 -336.5420 0
-112.3324 115.0648 0
-103.6848 105.5670 0
32.8372 -138.9003 0
205.0843 -32.5791 0
-13.8077 -321.3498 0
-111.1270 -24.3725 0
138.2275 -217.7385 0
184.6261 -230.0608 0
216.0340 -269.1820 0
122.4267 -410.7758 0
190.7231 -37.8073 0
270.3052 -86.3315 0
-200.3193 -262.0325 0
-116.2923 75.6884 0
-88.4256 -120.4880 0
-216.2876 12.2278 0
1.1988 114.6715 0
-110.1064 -24.7095 0
97.3959 -93.2729 0
-132.4401 -243.9801 0
82.7103 -335.8220 0
-178.2137 -287.1537 0
174.9233 -11.4731 0
179.7338 73.4800 0
112.6119 -236.1818 0
198.8022 -158.2691 0
-143.9108 -100.7621 0
88.0013 -76.7086 0
238.9544 -66.2623 0
147.2451 -230.5696 0
-87.2999 92.2914 0
-123.9641 -162.1148 0
-1.1920 -256.1884 0
97.4232 -180.0334 0
93.0801 -222.0992 0
-46.6863 57.5068 0
-13.9300 -198.2742 0
70.7415 25.8224 0
-73.8059 -430.9167 0
-187.8750 -7.0708 0
164.3189 -131.0705 0
262.3239 -232.3053 0
141.9990 -345.9656 0
284.9334 -97.1328 0
280.3818 -186.7635 0
27.0318 -244.1804 0
30.7046 -244.2623 0
161.4559 -139.3344 0
214.5556 -3.8347 0
-80.5801 -369.1250 0
-122.0641 30.8214 0
-267.0981 -68.7917 0
-127.7610 -35.5134 0
-91.0873 -201.2363 0
-166.8345 -17.7697 0
86.3613 -27.3832 0
30.8427 98.8269 0
-76.4527 -227.0926 0
51.3096 -353.8301 0
284.1053 -117.7143 0
137.1350 6.4759 0
94.4017 -334.1334 0
174.0855 -128.3110 0
-229.2793 -98.8687 0
-279.1155 -196.0392 0
-36.7610 -385.8033 0
-143.1046 -268.4633 0
175.5959 -139.9110 0
-32.3896 -434.9649 0
20.0302 -178.4674 0
-119.6355 -399.3512 0
-132.8605 -73.0961 0
-103.6841 -185.1602 0
-54.4290 -64.1541 0
231.8697 -227.7105 0
251.3918 -81.0177 0
-184.1746 -149.8567 0
-71.3652 -272.5833 0
188.2685 -108.4714 0
-251.8167 -99.5213 0
160.7565 96.4202 0
209.5865 -123.2706 0
231.3678 -175.5553 0
163.8102 -335.9596 0
188.3104 -22.5998 0
-78.1448 -239.2570 0
-43.9498 128.1123 0
-124.7451 -6.4610 0
188.5410 -120.0148 0
-119.2554 56.0161 0
-72.8418 32.0029 0
-189.6846 -93.1734 0
166.8410 -139.8588 0
-71.2236 -133.4809 0
-101.5464 -2.7377 0
270.0427 -134.8945 0
243.7221 -183.2685 0
-232.7455 -8.5942 0
-71.8739 -61.4433 0
104.5481 -11.8292 0
-37.0470 -177.0088 0
242.6241 -313.7192 0
-218.5313 32.7250 0
-114.6861 -64.6054 0
96.4070 46.6444 0
36.2515 -392.8736 0
45.3340 55.2246 0
112.8447 -140.5739 0
32.9163 85.2587 0
-189.9384 -51.6045 0
-22.9137 -340.0579 0
-106.4688 -161.0578 0
-32.8216 81.8817 0
244.5448 -239.1069 0
-114.1088 -271.0369 0
-51.3454 -163.5721 0
35.4010 -64.5220 0
-228.8278 -192.0049 0
3.1067 -363.9888 0
193.2196 -217.5074 0
-200.4015 -314.7177 0
44.4576 -102.4435 0
-120.0618 -253.5425 0
7.0231 -402.4436 0
-232.1078 -326.8887 0
244.5587 -22.4706 0
218.8429 33.6118 0
-208.2308 -316.4246 0
-56.3014 123.7098 0
-200.6080 -340.7358 0
172.7612 8.7584 0
111.4665 -131.1319 0
214.9462 -34.0541 0
-261.5480 -128.5909 0
113.5100 -287.5823 0
-195.6640 6.8081 0
364.0981 277.4037 1
259.8483 393.3897 1
404.8698 289.9526 1
317.0403 416.4213 1
215.5166 379.4710 1
374.6888 290.2179 1
222.7464 344.8011 1
207.0075 372.4893 1
213.5604 265.6188 1
354.1291 425.2288 1
438.6896 335.2960 1
244.6887 225.1929 1
193.5627 393.6141 1
214.6412 425.6403 1
388.9589 442.9710 1
443.7026 374.6561 1
372.3394 219.2168 1
246.6824 239.6421 1
287.1863 442.4593 1
308.0885 494.9249 1
275.6727 215.8155 1
407.6122 283.9613 1
180.9402 357.7804 1
315.1127 245.4745 1
335.1474 310.4333 1
408.6567 311.2686 1
336.5587 476.8954 1
349.9542 342.2891 1
260.3411 314.2017 1
196.7645 246.4605 1
262.2890 339.1507 1
192.4052 434.0546 1
165.9093 288.7241 1
284.2637 231.1673 1
326.4333 268.5651 1
387.2169 253.8811 1
172.4231 376.8141 1
299.1649 374.3065 1
166.1030 406.9669 1
322.3922 315.3455 1
382.6540 332.8531 1
208.9259 288.6596 1
355.4078 279.3106 1
190.2379 391.7972 1
402.4888 312.0565 1
203.1690 373.7831 1
283.4864 395.7645 1
340.1744 458.2230 1
167.5871 289.2263 1
351.9887 227.1469 1
243.6360 476.3191 1
241.0249 269.6266 1
257.8474 457.6293 1
356.7602 442.0803 1
217.5034 371.4774 1
314.8372 233.7365 1
297.5176 482.3019 1
198.0037 424.2035 1
354.1512 429.9973 1
206.0451 324.5968 1
395.7192 265.1390 1
330.4908 213.0938 1
278.4337 282.0127 1
431.6547 313.5154 1
341.5538 447.2353 1
314.0964 439.1463 1
236.7558 344.9981 1
239.8694 443.7955 1
350.8735 338.0628 1
158.3947 321.6912 1
216.8653 455.5731 1
261.7802 462.1083 1
316.8534 304.4523 1
212.3303 327.2236 1
222.6985 334.8084 1
272.9474 487.7264 1
170.1669 346.7182 1
226.0045 276.1720 1
267.4820 398.1112 1
327.5122 311.7277 1
281.4336 232.8562 1
224.7931 356.4736 1
199.3516 271.0885 1
428.1991 410.3760 1
185.1802 340.7323 1
170.5249 419.2854 1
258.9423 227.6144 1
254.0207 334.6628 1
361.0369 216.3634 1
336.0938 456.2590 1
297.9313 407.7502 1
382.8262 451.4062 1
327.6523 257.1126 1
310.9477 453.2773 1
219.1280 419.6401 1
345.0300 427.8022 1
237.6650 315.2163 1
208.4971 385.9895 1
255.9596 212.7558 1
192.9469 310.4057 1
305.8889 374.9188 1
363.0993 478.4611 1
383.6647 287.8712 1
158.0990 303.4564 1
171.2316 354.8787 1
362.6719 375.0844 1
342.7060 313.6138 1
374.7418 303.9801 1
327.6596 300.3831 1
388.9865 344.6363 1
337.6052 456.9048 1
379.9330 464.7714 1
184.3087 310.2878 1
200.8697 381.0508 1
269.2141 315.8365 1
332.7765 390.4519 1
164.0325 333.8381 1
402.9120 253.3426 1
446.2881 337.3352 1
305.6924 475.8181 1
412.2785 397.4743 1
256.6954 312.8700 1
270.2853 439.7608 1
245.9805 230.9506 1
159.3012 346.9472 1
374.6291 467.8093 1
353.2014 357.5189 1
292.8377 485.0755 1
160.4426 367.3983 1
291.2820 359.1950 1
213.6317 236.7952 1
337.0670 341.8367 1
295.9731 451.8315 1
376.0410 221.5884 1
324.1894 324.0074 1
371.6404 329.5287 1
372.1901 473.1023 1
381.0433 432.8789 1
291.3768 409.1473 1
192.3018 268.5218 1
341.7857 433.9767 1
288.5207 317.8506 1
258.0861 477.4286 1
203.0033 401.6452 1
416.1036 417.2303 1
320.9894 364.9797 1
418.6385 422.6097 1
291.6091 278.7878 1
441.3128 375.1862 1
414.2319 303.4202 1
172.8026 287.0787 1
395.0814 385.9932 1
169.2117 293.4326 1
255.4875 491.8313 1
231.9668 342.0215 1
189.2571 387.5565 1
253.9436 393.9478 1
180.7744 346.9691 1
393.1642 301.4203 1
247.6003 342.4902 1
191.6067 444.1942 1
191.6895 322.7719 1
425.6298 351.4602 1
190.5493 285.7344 1
318.4807 421.7755 1
235.0276 437.1957 1
324.5977 382.6224 1
276.9663 386.1715 1
357.0269 433.4801 1
408.6605 300.6588 1
333.3825 313.4967 1
307.0357 386.1831 1
183.1359 408.2138 1
176.1394 370.8932 1
238.6491 285.3559 1
226.5108 350.8461 1
324.6534 306.0250 1
333.4603 429.5075 1
203.0303 375.7386 1
319.3783 245.8109 1
207.3210 293.0917 1
337.8047 323.0934 1
166.4680 368.9556 1
308.9651 234.3643 1
399.6868 385.0262 1
367.2621 231.1575 1
176.7563 424.8486 1
231.3387 390.1348 1
210.5320 332.1527 1
370.4400 249.1032 1
313.2989 306.1636 1
394.7170 417.9876 1
364.3090 480.9964 1
284.4349 333.6613 1
336.0753 259.0358 1
245.3793 380.5722 1
219.6901 444.6239 1
346.6091 350.0554 1
230.6838 307.3925 1
157.5888 346.1777 1
376.5131 410.3799 1
424.2072 305.9749 1
397.6328 351.8561 1
260.7810 431.0624 1
401.1649 261.0808 1
271.3018 323.5054 1
350.6001 301.7932 1
267.6139 447.9762 1
426.7930 330.3201 1
346.6292 440.1105 1
427.0550 309.0721 1
394.4287 345.2772 1
231.1359 276.5045 1
307.3914 224.5720 1
278.5450 302.2951 1
444.1964 376.0336 1
403.7869 246.0096 1
392.0256 407.5292 1
369.9656 392.7788 1
232.6806 386.1166 1
396.9752 342.5396 1
215.3644 258.3703 1
349.6325 443.1540 1
339.4774 340.2762 1
231.6695 298.3524 1
357.8965 439.6980 1
177.8194 288.1751 1
372.3962 356.7466 1
252.9303 269.0996 1
315.9940 449.6178 1
277.3232 379.6774 1
266.1736 361.2542 1
231.6238 387.2469 1
348.9098 298.4161 1
346.9608 442.7198 1
386.4164 310.8962 1
406.7802 341.0633 1
231.7437 294.0296 1
212.6017 363.4290 1
298.7592 354.3109 1
246.8599 484.6555 1
253.0645 479.5034 1
287.4846 421.3299 1
341.1487 285.1830 1
369.9087 246.0243 1
287.0598 380.0919 1
317.2912 273.2394 1
247.4536 450.6223 1
392.6755 327.9397 1
404.9268 283.4056 1
261.1768 410.4938 1
427.5156 276.3853 1
153.5963 358.7077 1
234.1301 325.7756 1
332.9926 485.9543 1
312.4662 316.7480 1
386.2151 288.8166 1
436.1040 390.5300 1
425.7538 363.1303 1
388.2097 454.1622 1
305.6660 421.3427 1
285.5554 270.2273 1
220.2107 303.9321 1
307.8036 258.3442 1
310.3351 489.5799 1
333.9655 480.5852 1
328.6647 213.7016 1
211.4257 392.5942 1
401.5627 343.5446 1
208.3068 277.9687 1
350.4179 262.8041 1
376.8408 350.8594 1
236.8156 254.0345 1
194.4159 358.9778 1
270.4625 322.6164 1
226.2153 399.9947 1
326.1011 307.2392 1
378.1726 439.1679 1
364.2336 428.6007 1
187.7764 355.2663 1
196.8443 301.2176 1
403.3034 417.2255 1
206.8763 294.7996 1
372.7302 415.1397 1
347.8083 300.7979 1
324.0953 325.6073 1
307.2857 285.8836 1
239.6156 368.8814 1
328.7652 460.3777 1
321.4190 321.7948 1
372.4282 477.4913 1
292.6769 251.3771 1
311.9132 424.3611 1
416.4755 393.5687 1
244.9396 340.5173 1
202.1087 340.9935 1
352.8314 386.0012 1
357.5602 237.5622 1
378.4734 387.6327 1
183.8575 289.7622 1
273.8660 219.7679 1
396.5976 390.3207 1
338.5827 428.0666 1
274.4030 474.4691 1
165.8380 368.4839 1
221.6035 310.5377 1
170.5195 395.0017 1
161.2787 366.2605 1
282.9875 455.4939 1
307.2540 201.9449 1
350.6391 444.1804 1
333.5802 284.0586 1
338.2374 414.1696 1
198.6045 451.6530 1
337.4150 408.9567 1
221.6839 289.6390 1
260.6721 288.2345 1
394.3458 430.1744 1
385.5977 238.3710 1
239.0439 349.6326 1
176.3077 269.8719 1
295.8066 252.8132 1
426.5307 332.7126 1
408.2364 285.2229 1
248.8285 387.0516 1
305.0175 348.0091 1
300.1983 451.0004 1
179.9688 338.9062 1
392.3423 439.9747 1
281.9114 488.9994 1
204.7589 287.9571 1
252.9288 260.9232 1
244.3481 233.5471 1
327.3697 292.6549 1
185.5534 377.4232 1
308.1755 339.6461 1
210.3436 412.7442 1
291.9585 354.5115 1
236.4030 256.5831 1
315.0649 348.8412 1
283.2231 294.3830 1
427.7434 412.7733 1
305.2076 396.9645 1
171.8747 424.3091 1
169.0278 362.6948 1
334.9928 225.9577 1
386.1442 413.2919 1
244.9995 382.0195 1
311.3860 267.6645 1
195.5115 280.3585 1
223.0749 292.0617 1
441.3957 352.9510 1
382.0635 239.2776 1
176.9770 410.2520 1
163.4262 364.7705 1
371.7921 418.8152 1
408.4801 401.1416 1
210.6550 369.6412 1
335.4112 472.7151 1
359.9683 453.8714 1
246.1769 290.1177 1
304.6111 282.0107 1
323.3615 447.4183 1
357.2075 380.5599 1
352.8081 300.9329 1
324.6412 304.9258 1
235.6221 372.9438 1
327.8975 482.2734 1
240.9924 462.5492 1
361.0023 472.6057 1
288.7304 372.8522 1
200.4925 432.3753 1
254.8118 334.9477 1
291.1528 295.6088 1
224.4442 388.8727 1
355.9936 426.3312 1
404.0640 295.9860 1
269.6413 295.4903 1
278.3162 262.3330 1
265.8479 240.8559 1
362.9969 218.3102 1
360.1934 354.1722 1
320.7790 355.9972 1
301.4475 340.4874 1
193.7688 336.1724 1
386.7180 449.7290 1
404.7276 431.5094 1
281.2983 363.1004 1
388.4343 360.4618 1
252.3416 467.2994 1
197.7327 388.1933 1
260.5180 437.5746 1
381.3124 416.4268 1
196.6447 378.0271 1
224.2244 273.9160 1
364.9304 457.6998 1
187.3955 397.6900 1
394.7856 395.8427 1
357.5403 404.1199 1
407.7096 339.6359 1
234.6164 237.0243 1
422.4605 335.9478 1
225.2836 318.0280 1
233.6827 469.3443 1
403.0984 268.9609 1
423.2299 281.5393 1
237.1210 427.2422 1
323.8575 424.0124 1
414.0678 329.5675 1
356.9954 470.9398 1
244.3129 421.3821 1
290.4395 355.6092 1
229.0140 376.1877 1
401.1094 328.2690 1
265.7254 217.7824 1
430.4128 279.4436 1
353.1015 240.1671 1
321.3460 318.8717 1
206.6924 448.8638 1
379.9379 451.9863 1
425.8502 362.6404 1
299.4492 289.9240 1
399.2759 357.9176 1
379.5868 328.0267 1
222.4590 370.5093 1
331.2347 486.6562 1
378.4185 364.4477 1
291.2107 377.9201 1
384.7782 260.9087 1
397.2394 300.9335 1
297.0034 411.1069 1
170.3658 321.6072 1
359.3930 364.1252 1
330.8084 393.4601 1
403.4828 384.3590 1
162.3252 364.1245 1
408.4130 448.9276 1
370.1223 418.8911 1
225.6572 342.7155 1
315.9439 204.6627 1
394.2989 255.9265 1
242.4429 269.1626 1
322.9244 355.1421 1
232.5573 421.4175 1
385.4270 388.5226 1
363.5974 286.0610 1
293.5020 253.9158 1
300.6238 459.2591 1
326.5835 235.7966 1
369.0314 455.3458 1
261.1268 383.3096 1
421.5243 266.3153 1
344.9379 337.5108 1
301.5504 289.5995 1
287.1281 317.2257 1
367.7107 235.0725 1
368.7025 260.8433 1
329.2798 439.6710 1
384.6708 452.5644 1
260.7538 386.1310 1
360.0937 368.3989 1
173.7423 380.7680 1
319.4441 424.6219 1
412.2122 318.1811 1
192.6995 264.8896 1
252.8273 245.4121 1
329.7344 368.5792 1
351.5404 258.7976 1
227.5560 425.7575 1
331.3288 465.8109 1
328.2934 317.8638 1
377.0122 444.0688 1
326.6499 285.1491 1
385.7635 233.1275 1
339.8485 433.1760 1
362.6534 299.4977 1
328.7796 339.1778 1
403.5516 329.7361 1
390.7465 373.1180 1
191.7221 420.0155 1
424.5954 309.8041 1
365.8158 273.0877 1
242.7204 431.0285 1
408.7871 424.4529 1
257.2591 373.5591 1
315.5011 387.6630 1
274.8889 403.6937 1
223.3571 274.8581 1
395.0785 239.5423 1
237.1627 285.0456 1
298.9818 292.1817 1
293.4335 420.3432 1
213.6651 449.2079 1
156.7708 319.5124 1
218.4022 313.0056 1
344.0045 454.2825 1
316.6645 276.9914 1
272.1063 493.3459 1
288.3474 259.4996 1
258.7741 366.9998 1
239.6900 303.6802 1
349.4352 296.9521 1
275.2594 420.7307 1
374.2873 274.6506 1
345.8439 422.6866 1
292.0908 328.0224 1
202.6465 439.5287 1
272.8108 495.9054 1
158.7573 352.9597 1
360.2409 362.5284 1
275.3824 239.1793 1
219.1924 468.6569 1
186.2222 329.7208 1
323.9175 365.0266 1
267.5332 391.4372 1
361.6119 294.5234 1
274.7729 280.0585 1
172.7850 404.2773 1
316.9048 402.0458 1
323.8896 376.4692 1
311.0604 371.7963 1
374.1152 471.9456 1
173.2025 411.0848 1
420.9068 355.0340 1
306.7296 237.5533 1
204.9603 438.3334 1
275.0899 285.1675 1
339.8647 273.7039 1
180.6963 303.7183 1
202.4345 301.1325 1
319.8714 264.6118 1
294.9745 405.9028 1
214.4927 366.8947 1
271.5809 344.6747 1
274.1806 210.3015 1
303.9370 345.7348 1
199.1948 405.4990 1
412.9259 316.0572 1
442.4870 396.6641 1
187.1745 306.6567 1
275.9232 409.4062 1
341.7215 478.7001 1
212.1449 229.4656 1
334.9517 221.6044 1
338.8079 384.7844 1
427.9022 342.7578 1
275.8756 245.8626 1
212.8506 257.4402 1
392.7887 454.9778 1
350.3565 288.8083 1
325.7989 228.6984 1
243.9657 328.4257 1
380.1140 351.0400 1
423.0419 397.8715 1
283.8764 458.7820 1
341.9290 420.9124 1
407.0968 402.9313 1
186.7784 354.0715 1
280.8408 377.5449 1
347.7015 329.8404 1
192.8717 316.0437 1
334.9664 337.8952 1
304.8073 448.5886 1
385.5131 233.5103 1
262.2650 468.3726 1
404.7628 425.5638 1
299.0589 488.0627 1
377.0269 426.2634 1
256.1109 488.8304 1
213.7117 429.9803 1
394.7530 338.7648 1
224.4319 346.3780 1
255.8351 339.5827 1
294.3036 374.1710 1
217.9262 364.2449 1
416.2676 337.2531 1
274.9314 358.1591 1
211.9389 261.6926 1
403.4629 450.1436 1
386.2503 457.9801 1
366.3409 409.5641 1
269.2138 348.7417 1
285.4721 361.8272 1
332.3820 425.8908 1
229.8148 480.0827 1
280.9797 357.1927 1
210.1656 310.6335 1
184.0345 420.7712 1
415.5789 319.7816 1
327.9615 340.8094 1
230.9446 402.6362 1
285.1081 407.8005 1
178.1996 278.4125 1
393.8211 322.2930 1
295.7278 484.5605 1
261.0781 392.2400 1
375.8305 268.0605 1
406.2080 384.6255 1
298.4254 453.1863 1
321.2124 296.5512 1
334.8606 430.4278 1
422.4443 362.8781 1
380.5526 310.9175 1
211.9849 231.3773 1
288.8015 245.8375 1
348.9596 468.4564 1
229.7800 392.0804 1
199.2543 381.4704 1
315.8562 446.3212 1
291.6946 322.4789 1
261.4082 443.3055 1
222.5626 302.5601 1
401.3514 290.9555 1
211.3718 334.7101 1
372.8344 282.3891 1
309.4398 271.8115 1
314.6977 417.2247 1
407.2105 366.1683 1
189.5699 321.9758 1
269.1439 349.0401 1
207.9297 447.5373 1
305.1577 366.2579 1
217.1178 379.3121 1
206.7551 467.0496 1
293.0303 453.1793 1
172.4484 407.4079 1
377.4998 239.7264 1
297.9750 433.1841 1
316.0194 376.8144 1
327.8248 236.5871 1
333.2657 465.9101 1
271.1303 357.1216 1
203.1330 290.6343 1
325.1349 316.1747 1
241.0630 336.6729 1
228.8619 281.1683 1
296.7843 453.3788 1
411.1745 433.1646 1
232.1936 421.6323 1
341.5750 391.5109 1
302.2350 306.2763 1
313.4458 312.9972 1
383.8504 455.9452 1
331.9220 437.2282 1
265.3067 233.4885 1
392.0393 439.4864 1
156.0960 356.4526 1
377.3330 346.9826 1
391.1506 439.1586 1
243.4654 347.4889 1
164.4485 397.3364 1
424.6018 368.1188 1
224.8273 295.3486 1
251.4090 442.6635 1
220.1790 306.9625 1
301.2454 207.7175 1
316.9156 342.2696 1
203.9647 369.2754 1
161.1957 379.4359 1
362.8120 435.8232 1
392.2598 423.8280 1
331.0569 258.1904 1
218.2108 452.7313 1
323.0907 418.8317 1
182.9650 337.3808 1
335.7837 280.7392 1
307.1921 259.0846 1
181.5544 347.3780 1
262.6134 391.5291 1
330.5036 380.8536 1
252.5455 235.9981 1
309.3303 489.1336 1
321.7880 208.1808 1
258.2542 397.2820 1
185.4373 401.7202 1
178.5738 432.1552 1
348.1278 209.4972 1
375.1212 400.3132 1
363.9084 257.6169 1
294.6901 313.9049 1
264.2050 461.4276 1
196.1745 410.4974 1
193.8358 419.9470 1
281.9283 294.6315 1
277.3387 202.5939 1
415.0779 442.0254 1
255.7666 233.5265 1
355.5968 297.8139 1
214.8613 462.6115 1
298.0284 250.6390 1
373.6655 272.8389 1
263.0649 337.0994 1
227.8560 440.3734 1
321.5594 389.1819 1
309.1617 311.9332 1
198.5372 331.5132 1
228.7479 444.7107 1
230.1260 342.9416 1
164.6666 341.3719 1
204.7848 405.8989 1
235.4721 220.3759 1
251.7414 435.8502 1
224.9371 405.7702 1
302.7752 364.2021 1
365.3853 223.2671 1
320.5697 261.5588 1
320.9310 366.8179 1
349.7243 332.1688 1
162.1908 320.5797 1
213.7665 468.6833 1
204.0041 405.9610 1
315.4236 265.2703 1
259.9911 216.9365 1
259.7180 376.9722 1
284.7085 435.2344 1
365.8148 427.3884 1
359.2815 263.5330 1
165.7811 307.6611 1
262.5751 377.9767 1
306.9031 499.0811 1
273.8451 341.6198 1
223.7696 318.2172 1
379.0433 282.4662 1
309.4444 371.5564 1
263.4043 276.9366 1
270.8540 457.1858 1
249.3625 347.4514 1
351.6846 290.9724 1
438.0365 359.9402 1
392.2101 271.0435 1
218.0753 423.2969 1
257.0399 393.7590 1
433.6794 385.7136 1
306.6435 269.9649 1
356.9360 306.6639 1
234.6591 377.0794 1
207.4836 318.4465 1
179.1457 355.7987 1
277.0766 388.3500 1
446.0607 344.5508 1
280.9945 220.1406 1
195.4091 419.6121 1
349.1447 250.7182 1
223.2800 331.4171 1
296.3594 424.2961 1
363.9560 313.3585 1
186.9305 274.8248 1
186.8830 300.5193 1
332.6681 429.9278 1
332.2248 496.2886 1
389.2969 293.7014 1
249.8889 476.5117 1
316.0230 450.8395 1
368.8877 351.7159 1
238.0805 473.4107 1
220.0555 358.8185 1
337.4621 495.1162 1
164.0881 351.3450 1
229.4804 286.5728 1
381.5177 364.8045 1
324.1902 335.0492 1
239.9247 438.0055 1
312.9110 353.6501 1
208.5550 235.8096 1
353.1719 237.3311 1
368.1490 285.0952 1
162.0649 308.5441 1
236.5702 216.4580 1
184.2437 418.4825 1
321.3842 316.3984 1
282.9526 220.3987 1
291.0808 424.7597 1
343.3303 421.7322 1
214.6336 254.6789 1
372.7117 291.3702 1
315.9872 440.2327 1
226.9343 255.4387 1
422.4919 380.0050 1
435.5829 334.7421 1
181.2207 352.4545 1
205.5854 449.9036 1
394.2297 381.8751 1
319.2224 471.1648 1
259.9757 242.6140 1
367.8627 330.8526 1
352.5907 444.3405 1
299.4392 397.8612 1
232.3604 327.2651 1
363.6531 433.9339 1
405.8953 436.2405 1
204.4570 434.1865 1
302.4297 405.4044 1
348.9278 231.0894 1
206.6555 466.7904 1
359.1157 343.7110 1
348.0318 292.3949 1
306.0285 217.4212 1
260.9180 326.4871 1
231.3619 257.3703 1
347.5949 448.1693 1
