-274.0863 278.6725 0
-360.5298 301.9525 0
-291.3999 258.7129 0
-352.9000 276.4682 0
-310.9575 349.9721 0
-262.5746 337.4042 0
-288.3676 279.1113 0
-188.5527 251.5963 0
-271.8490 307.5616 0
-281.8716 273.3350 0
-362.8877 303.2016 0
-276.5384 341.6024 0
-317.2055 372.9017 0
-326.3439 255.4669 0
-337.8637 319.7292 0
-334.0585 299.9111 0
-344.1714 315.9437 0
-253.3473 296.5213 0
-381.1466 371.5717 0
-330.3022 318.1282 0
-267.0668 321.3022 0
-276.5094 353.1946 0
-295.9686 217.1974 0
-261.8517 305.6646 0
-365.4531 325.7134 0
-306.1701 264.5498 0
-328.9064 355.0039 0
-338.7793 280.7193 0
-343.2041 278.9847 0
-292.1211 339.9598 0
-236.8656 321.9743 0
-335.4539 349.6501 0
-275.7643 331.9218 0
-274.4514 221.7990 0
-323.4194 261.4409 0
-303.7260 281.3453 0
-321.2145 272.3318 0
-352.6424 294.6392 0
-290.2544 292.4203 0
-248.4131 325.6356 0
-269.3164 316.6867 0
-232.5745 226.6842 0
-266.2237 378.6539 0
-298.0122 295.7419 0
-317.8798 299.1057 0
-329.2850 303.2734 0
-194.2871 335.6248 0
-241.6721 320.6480 0
-319.7061 272.3390 0
-265.3651 281.9054 0
-280.5923 284.7932 0
-318.7635 301.7026 0
-312.0564 296.2564 0
-338.9255 283.1724 0
-260.1750 247.9999 0
-287.6636 365.4275 0
-371.5912 299.5634 0
-243.3552 303.0491 0
-296.0033 316.7368 0
-317.6304 249.2700 0
-279.5840 292.0226 0
-327.4016 268.6909 0
-336.2602 362.8088 0
-298.0903 316.7355 0
-289.7811 290.4569 0
-321.9445 307.3153 0
-249.4328 324.9327 0
-282.1496 263.5482 0
-306.0807 315.3417 0
-234.2607 349.9931 0
-389.7624 299.7050 0
-266.3209 392.0914 0
-241.2794 265.5250 0
-284.9071 240.3605 0
-282.3411 222.7998 0
-344.7071 360.2244 0
-263.4910 244.9657 0
-316.4440 275.5126 0
-369.1397 325.8970 0
-327.6189 265.4231 0
-315.1429 342.5024 0
-314.2654 285.7426 0
-291.5002 291.3617 0
-312.9467 288.9130 0
-341.2745 297.5839 0
-346.9982 261.5574 0
-301.7156 257.7490 0
-273.9152 276.3402 0
-294.0357 278.2548 0
-321.0768 322.7218 0
-369.2803 280.4280 0
-270.3201 384.9036 0
-329.3097 248.0629 0
-279.4510 316.8163 0
-270.9948 362.6995 0
-316.7520 291.9151 0
-280.3983 251.4300 0
-278.8901 220.1092 0
-281.8130 277.6694 0
-330.5931 254.1561 0
-279.5335 319.3041 0
-337.3731 293.1113 0
-296.2321 274.1172 0
-355.4217 287.0368 0
-306.7718 279.4732 0
-339.1344 346.9316 0
-292.0694 344.7360 0
-317.7847 354.1554 0
-338.8026 313.1192 0
-288.0357 284.9618 0
-290.8837 288.8461 0
-272.7273 282.5671 0
-303.5336 359.3733 0
-296.6730 285.1654 0
-383.6073 374.0995 0
-265.4797 244.0715 0
-313.6811 232.8683 0
-333.1143 330.7047 0
-308.5671 302.5741 0
-320.5968 339.5827 0
-250.7699 332.8836 0
-364.4698 239.4722 0
-248.9782 334.4839 0
-241.9239 319.5296 0
-281.3011 278.3841 0
-359.9387 236.3910 0
-316.5860 315.1629 0
-311.2824 329.3702 0
-270.2875 337.5950 0
-264.7403 299.4372 0
-348.6561 299.1066 0
-328.5521 294.1518 0
-264.2143 272.5390 0
-319.9360 272.7596 0
-330.0227 320.3812 0
-267.2000 289.9023 0
-360.1510 320.1298 0
-279.7161 294.8412 0
-307.0162 365.0942 0
-342.5488 232.1973 0
-370.9142 197.1638 0
-351.2231 355.0356 0
-365.2809 303.4878 0
-333.8302 328.4184 0
-376.0815 329.1375 0
-297.5224 371.3799 0
-273.8710 305.2753 0
-331.3439 347.9017 0
-230.2986 257.4893 0
-330.6830 238.0223 0
-208.2617 242.3957 0
-319.1882 284.1045 0
-329.2242 302.7234 0
-308.3241 302.5006 0
-265.5790 303.9398 0
-269.5932 225.5761 0
-321.2136 251.2787 0
-231.3570 366.9713 0
-299.6975 254.8035 0
-327.4744 316.6680 0
-238.2036 252.1792 0
-256.2896 275.5484 0
-308.8507 374.3958 0
-255.6737 270.5959 0
-289.1419 291.1358 0
-258.6316 272.9067 0
-350.1635 270.6703 0
-283.8989 263.3220 0
-282.3893 315.9308 0
-343.1836 295.1419 0
-317.9220 387.9169 0
-322.6846 291.0584 0
-304.8254 328.9221 0
-317.2390 217.3013 0
-281.0555 294.0721 0
-279.1542 272.8641 0
-337.7134 298.4117 0
-300.4862 241.0945 0
-416.1860 330.8488 0
-322.6951 265.7376 0
-260.9242 333.9196 0
-321.3928 356.1717 0
-285.5181 296.3042 0
-229.1392 231.3353 0
-313.7508 304.5778 0
-315.2601 265.2168 0
-298.6604 301.3529 0
-271.8499 269.5623 0
-331.5744 238.8108 0
-240.8804 316.3162 0
-292.5638 306.3203 0
-304.2902 351.7526 0
-298.5108 270.6714 0
-359.8485 296.1149 0
-296.9644 304.8163 0
-325.6622 358.4351 0
-233.7911 322.6156 0
-364.3429 332.9076 0
-275.0387 350.4359 0
-239.5647 324.0852 0
-347.2492 229.4036 0
-260.3856 263.1734 0
-273.6053 261.5221 0
-266.9112 289.5824 0
-336.9990 260.4309 0
-251.8292 387.0898 0
-283.1170 333.6429 0
-367.1377 308.8321 0
-296.9893 251.0797 0
-339.7535 293.4427 0
-332.3834 320.9051 0
-250.3159 279.9869 0
-262.3875 292.6961 0
-260.7532 277.1212 0
-249.6757 280.0512 0
-321.7587 270.5284 0
-292.7318 277.8188 0
-291.3907 271.7052 0
-251.9243 307.6148 0
-319.5955 292.3866 0
-357.6470 316.0670 0
-328.7972 274.7376 0
-257.6721 284.7782 0
-315.8028 201.1999 0
-218.0248 360.0780 0
-289.5335 297.5804 0
-293.4226 271.6780 0
-282.0082 286.2905 0
-354.0096 354.4547 0
-295.7122 275.5033 0
-270.7475 309.4619 0
-359.2292 326.0522 0
-251.9190 368.4717 0
-225.4057 250.7608 0
-240.6751 366.3720 0
-315.2662 254.8850 0
-197.2056 259.2911 0
-282.6165 359.9864 0
-265.9218 333.8892 0
-259.5921 333.7501 0
-255.4107 321.9705 0
-339.1134 325.3749 0
-328.5366 336.2961 0
-309.5715 305.1359 0
-236.9227 274.2178 0
-316.3491 313.7210 0
-242.0583 360.3829 0
-316.7090 251.9274 0
-311.1454 289.8719 0
-281.5821 307.0451 0
-290.9138 265.1787 0
-301.8494 281.2457 0
-368.8180 356.9659 0
-323.0461 339.6615 0
-339.6545 339.0735 0
-236.3808 363.0407 0
-350.1472 294.7821 0
-295.2213 297.4028 0
-315.5995 267.5702 0
-289.8947 284.3137 0
-287.1805 325.3195 0
-300.3990 305.1177 0
-258.2648 295.6938 0
-281.7521 303.2653 0
-253.3208 319.0054 0
-294.8560 297.1694 0
-283.8988 311.3308 0
-309.2788 240.3690 0
-223.9325 303.7011 0
-217.1097 289.7906 0
-269.2586 280.2306 0
-317.5255 370.9034 0
-255.0854 282.9141 0
-317.8424 287.4378 0
-319.9483 268.0479 0
-346.1057 282.9456 0
-290.3733 310.7591 0
-253.1077 234.7997 0
-288.6831 273.8334 0
-359.3004 338.8965 0
-283.0238 285.2512 0
-190.9186 310.4886 0
-365.9940 310.6428 0
-311.9246 280.3196 0
-318.6238 302.4949 0
-348.9051 329.5631 0
-279.7572 364.5601 0
-289.0601 265.4546 0
-276.7089 281.7072 0
-315.6653 252.8854 0
-270.0449 342.6901 0
-251.0182 323.8164 0
-294.2490 270.6012 0
-310.2995 289.8730 0
-321.4799 280.1492 0
-265.9530 303.0987 0
-269.2866 286.8451 0
-287.4485 310.6432 0
-316.2088 227.3023 0
-239.7129 351.9401 0
-322.6019 334.5587 0
-300.5385 281.2410 0
-277.8154 361.0498 0
-286.9822 269.2667 0
-308.5703 249.3035 0
-303.9144 320.9540 0
-247.1738 351.8014 0
-291.4891 301.4648 0
-282.0772 277.8443 0
-285.6189 326.1310 0
-327.6804 324.4611 0
-292.9114 263.3474 0
-307.0381 358.2740 0
-292.5811 272.1078 0
-215.5479 261.3155 0
-275.3861 257.9557 0
-251.5443 275.4203 0
-363.8304 175.6634 0
-326.4120 255.2169 0
-265.7617 280.3802 0
-225.1749 323.6372 0
-260.5159 262.8330 0
-368.2260 299.6523 0
-327.7122 337.7707 0
-301.2047 250.5338 0
-318.4118 351.7828 0
-300.9257 363.3575 0
-320.9123 341.3777 0
-290.2201 339.4291 0
-269.5715 336.8503 0
-321.6786 303.8512 0
-294.1879 341.7154 0
-344.1983 269.3104 0
-244.9952 293.5113 0
-268.5558 275.6562 0
-309.7600 331.6102 0
-295.4973 326.8810 0
-257.0453 206.5328 0
-233.4593 231.6336 0
-272.1470 335.3761 0
-250.9612 287.1127 0
-335.4128 256.2428 0
-330.3918 285.5936 0
-347.6222 294.8396 0
-287.3869 260.9642 0
-260.5139 267.5019 0
-251.8063 350.9779 0
-384.5227 222.6293 0
-289.2096 384.2934 0
-209.0421 348.1483 0
-397.1844 299.8450 0
-292.8786 291.4458 0
-318.3064 240.3647 0
-341.1711 309.4645 0
-322.3854 290.7773 0
-264.5463 298.1687 0
-300.1477 360.5176 0
-316.5835 293.7405 0
-333.3713 295.9519 0
-335.7389 306.0477 0
-353.4910 310.7682 0
-365.7549 357.7477 0
-245.7453 245.9893 0
-309.7986 252.7074 0
-300.1454 361.3790 0
-229.5191 300.0256 0
-261.3062 368.7301 0
-286.6997 276.3932 0
-375.9055 243.0298 0
-259.6825 353.4616 0
-252.9763 285.9216 0
-254.9718 318.3259 0
-306.5928 328.7816 0
-351.0031 331.2320 0
-300.8297 271.3231 0
-353.3506 262.4487 0
-238.8312 275.4513 0
-296.0187 317.7855 0
-225.5724 295.2133 0
-299.7469 314.1796 0
-248.1900 325.9017 0
-292.3585 346.3300 0
-313.4145 204.6398 0
-264.1927 441.1707 0
-297.8850 293.9947 0
-291.0863 338.6679 0
-309.5587 284.3635 0
-391.6593 302.4056 0
-294.8102 378.9681 0
-301.2650 231.8722 0
-406.9292 346.9506 0
-305.5271 293.5318 0
-329.9216 294.8140 0
-274.3534 301.9857 0
-304.4448 264.0185 0
-251.4852 331.2841 0
-221.9889 313.9791 0
-294.7610 264.1138 0
-239.3581 271.9996 0
-331.8018 263.7911 0
-292.9008 273.8870 0
-260.0392 276.0910 0
-313.9084 375.8088 0
-238.6351 332.8288 0
-278.3440 292.0208 0
-281.8695 222.5972 0
-287.9195 293.4051 0
-300.8663 285.2878 0
-282.2431 337.3930 0
-308.0157 289.0281 0
-316.8684 267.5242 0
-321.1931 297.9987 0
-299.8226 283.5114 0
-302.5078 385.2760 0
-284.2969 359.8296 0
-257.7384 353.1495 0
-285.3049 346.7348 0
-306.3229 343.5775 0
-306.0655 376.8119 0
-320.7055 321.9908 0
-282.7312 270.0936 0
-235.7678 260.5365 0
-220.8028 233.2139 0
-305.1263 292.6736 0
-310.1721 297.7602 0
-333.3347 285.0909 0
-249.3042 256.5217 0
-232.7283 245.3825 0
-223.7660 325.5782 0
-251.6667 396.3740 0
-292.4030 256.6325 0
-267.0908 376.2082 0
-309.4376 285.4628 0
-277.6106 334.8755 0
-324.9451 358.5555 0
-285.0802 305.1769 0
-309.7879 286.6993 0
-315.7784 303.0768 0
-290.0394 278.8008 0
-327.5380 288.4136 0
-287.4109 270.0140 0
-309.8182 292.0330 0
-304.0630 262.0791 0
-303.4302 249.0755 0
-243.6181 249.6006 0
-334.7840 325.7259 0
-253.4878 285.5223 0
-304.7173 244.7378 0
-290.2325 327.0860 0
-238.1753 304.1321 0
-294.3706 310.9118 0
-358.6879 224.0677 0
-375.0877 315.8709 0
-245.8530 329.1512 0
-275.5124 307.9394 0
-295.5246 283.7232 0
-259.4850 304.7562 0
-283.3963 312.3643 0
-296.2952 364.7493 0
-391.0262 298.1911 0
-243.3307 330.8074 0
-259.7804 350.2751 0
-282.5944 275.2224 0
-309.1755 240.8197 0
-295.6838 254.1743 0
-197.8892 337.1638 0
-318.4424 336.5285 0
-268.2138 336.4591 0
-341.2979 319.0394 0
-327.5328 276.9889 0
-294.3850 234.6533 0
-348.0642 281.4812 0
-318.7772 259.0200 0
-357.6239 280.9046 0
-285.2681 326.9387 0
-418.4205 256.5282 0
-306.4850 302.9388 0
-336.8202 332.3744 0
-306.0689 257.6818 0
-287.6854 243.2628 0
-374.6124 374.0183 0
-353.9593 263.9485 0
-295.3509 317.6045 0
-321.2798 301.6777 0
-338.8895 317.1278 0
-228.6986 274.7681 0
-278.4362 297.9415 0
-304.8943 281.5763 0
-250.0465 272.4322 0
-245.2736 338.9326 0
-360.0353 302.2917 0
-310.6411 333.2748 0
-215.3557 320.6020 0
-265.8280 282.9376 0
-254.0628 262.9820 0
-315.1697 352.8677 0
-352.0452 257.4899 0
-222.1441 337.0265 0
-228.5632 267.1747 0
-244.8692 244.8729 0
-274.3777 369.9857 0
-287.1066 281.0883 0
-251.8587 253.8429 0
-317.9243 309.3799 0
-309.2575 268.0732 0
-364.7252 361.9319 0
-281.0411 232.5209 0
-271.7863 370.4750 0
-273.6176 224.0148 0
-339.6549 303.9860 0
-254.2642 285.5270 0
-342.0948 303.0508 0
-195.4307 292.5913 0
-283.0285 297.3479 0
-222.3326 225.3253 0
-295.0133 280.7661 0
-313.5424 310.6601 0
-324.0034 265.3575 0
-272.4041 260.5181 0
-325.4290 262.9377 0
-384.2075 316.3902 0
-331.8430 306.0211 0
-341.0202 341.5267 0
-310.2947 333.1525 0
-258.9721 381.8888 0
-286.1044 311.0595 0
-266.9102 320.0638 0
-287.2450 284.2806 0
-260.1686 280.1749 0
-414.8286 341.1418 0
-348.5915 309.0420 0
-303.7572 236.6974 0
-394.6409 312.7724 0
-309.8142 323.5107 0
-367.8547 308.7349 0
-325.4284 271.6964 0
-237.2975 276.3544 0
-322.5322 365.6540 0
-298.0305 256.9839 0
-316.4741 319.8746 0
-291.5689 295.6020 0
-288.5810 332.8454 0
-262.2945 275.5197 0
-294.1948 354.1943 0
-332.2176 380.0518 0
-349.8068 318.8370 0
-399.6455 336.5593 0
-246.8823 312.3903 0
-298.5495 222.2673 0
-220.9380 290.5015 0
-262.1975 269.1078 0
-294.5034 345.0441 0
-330.9101 331.8714 0
-333.0429 341.8492 0
-336.0053 336.5166 0
-299.9209 341.6378 0
-252.4162 276.6194 0
-339.4031 235.6593 0
-300.9208 291.4176 0
-263.2241 352.5139 0
-278.2374 339.3986 0
-338.6883 289.3169 0
-313.3553 316.1483 0
-262.7973 323.9763 0
-306.4155 269.5816 0
-310.3469 240.2079 0
-329.0605 264.4898 0
-343.3109 278.1778 0
-216.7469 266.2446 0
-269.0918 306.0476 0
-306.3283 320.7473 0
-297.9879 340.8088 0
-350.7726 373.7153 0
-287.5083 301.9613 0
-311.1120 361.3583 0
-291.7032 315.9711 0
-230.6945 296.5494 0
-290.3891 294.8098 0
-348.4758 287.7044 0
-312.7598 325.4099 0
-361.5826 264.2510 0
-276.8083 300.4016 0
-329.7427 341.3623 0
-258.6791 242.5795 0
-326.5446 322.6766 0
-275.7524 312.0742 0
-232.1856 346.2758 0
-345.7159 326.9145 0
-254.3979 260.2108 0
-254.3704 265.3903 0
-372.0592 258.5155 0
-308.6122 310.1935 0
-358.2633 308.3763 0
-293.7044 305.4509 0
-307.0335 315.3025 0
-275.4901 275.5895 0
-304.8295 262.8802 0
-319.4159 282.5523 0
-301.4156 278.2214 0
-345.1958 308.5798 0
-362.1123 251.6765 0
-332.8374 349.6116 0
-295.2092 302.4666 0
-264.2180 241.8076 0
-326.4818 272.1103 0
-267.9196 371.6642 0
-299.5641 362.6759 0
-292.2896 328.2350 0
-331.8840 344.9314 0
-244.7808 296.6328 0
-269.8654 245.0174 0
-327.9250 290.8991 0
-293.7517 261.4660 0
-300.4245 355.3887 0
-266.0831 266.8301 0
-382.8633 281.5608 0
-355.5151 263.1232 0
-281.0990 279.8667 0
-342.7951 284.4819 0
-255.7726 292.6319 0
-308.6611 313.1777 0
-274.7803 369.4983 0
-270.1389 295.3943 0
-262.0435 284.4718 0
-304.4759 373.4779 0
-276.9644 372.8118 0
-367.9712 278.8765 0
-362.9953 300.0506 0
-312.7351 316.7264 0
-298.2329 321.8617 0
-302.2301 260.7620 0
-247.4357 256.5013 0
-379.6101 342.9276 0
-266.2378 329.2875 0
-312.9409 337.2097 0
-287.8495 297.5176 0
-263.9120 339.5430 0
-314.1864 284.6221 0
-310.1416 280.6970 0
-298.7406 367.8081 0
-363.8825 285.5002 0
-301.4787 284.8738 0
-297.5892 320.9198 0
-361.0770 350.9972 0
-263.2831 301.1355 0
-357.2446 195.9991 0
-353.0839 248.6124 0
-290.2220 335.4449 0
-253.6294 300.0747 0
-268.8758 327.4413 0
-352.6146 241.6945 0
-305.4955 290.5614 0
-284.2931 283.3154 0
-219.4955 246.8370 0
-321.2767 290.7455 0
-309.8914 319.8377 0
-359.8673 301.0130 0
-317.6053 340.3160 0
-328.8329 349.9194 0
-382.4464 282.8049 0
-238.5592 265.1616 0
-280.8601 272.8469 0
-326.0013 263.1186 0
-260.6111 281.9987 0
-298.9625 302.3740 0
-346.2784 300.6855 0
-372.8683 275.1616 0
-365.7501 350.6343 0
-227.9418 269.6409 0
-290.2877 274.9558 0
-362.6742 286.5823 0
-309.3206 321.6942 0
-329.6932 313.3125 0
-236.5865 269.1283 0
-244.6838 305.8738 0
-252.3275 247.2709 0
-268.7023 325.1064 0
-329.3208 320.9941 0
-250.0813 257.2644 0
-298.1719 248.7285 0
-370.8766 334.8174 0
-270.8599 284.6272 0
-304.3887 309.1210 0
-271.6689 253.4079 0
-363.5732 248.7502 0
-336.7125 300.7540 0
-273.0453 242.8306 0
-306.3460 295.8390 0
-342.9953 314.3967 0
-284.8809 288.7974 0
-258.8207 298.1483 0
-358.6897 269.9819 0
-234.8084 267.1042 0
-293.6151 262.1369 0
-242.0642 226.0677 0
-327.7488 328.1443 0
-305.9360 283.7524 0
-247.2484 301.5098 0
-249.8701 290.1063 0
-299.0611 363.2883 0
-342.1793 316.0106 0
-223.2983 291.3591 0
-341.4561 280.2615 0
-322.0748 351.6988 0
-298.2151 258.6985 0
-324.2405 235.7752 0
-371.3029 336.9272 0
-257.2189 315.1624 0
-363.3294 329.3806 0
-260.8561 297.9431 0
-330.5337 294.9141 0
-358.1788 313.5162 0
-351.0082 319.5323 0
-271.1264 282.7231 0
-289.0504 312.6579 0
-309.2330 238.9207 0
-240.0740 328.3332 0
-242.0422 270.2655 0
-325.9487 222.5086 0
-277.6863 277.7973 0
-300.8747 308.7882 0
-253.5794 276.1426 0
-228.6934 272.0445 0
-312.5144 280.1852 0
-263.3354 271.6034 0
-302.7633 324.6237 0
-282.8796 284.1532 0
-263.7148 262.6252 0
-263.5578 273.5788 0
-280.9337 259.2281 0
-251.5710 337.0374 0
-285.4799 221.5181 0
-280.6317 266.0901 0
-336.0816 271.1977 0
-320.0006 287.2788 0
-264.2088 285.4438 0
-319.8098 284.7921 0
-241.2464 269.2882 0
-340.4600 219.5718 0
-350.5328 296.6265 0
-273.4284 242.2697 0
-387.6250 270.1194 0
-248.9409 320.9250 0
-335.5976 243.5574 0
-242.0095 300.6598 0
-323.4029 263.9836 0
-236.3434 232.3829 0
-317.2025 247.8387 0
-291.6315 297.5237 0
-277.0600 250.0764 0
-277.4789 328.9371 0
-308.6840 300.7181 0
-360.8953 356.8056 0
-346.7638 306.1594 0
-279.2710 312.6342 0
-335.7218 253.1358 0
-296.9255 270.6329 0
-266.0868 276.2941 0
-309.0325 248.3944 0
-250.0302 358.6628 0
-259.8432 245.9019 0
-346.0993 344.0234 0
-294.3627 367.1807 0
-254.5660 262.4933 0
-270.3536 286.2758 0
-307.4911 284.7999 0
-313.3904 305.1632 0
-250.3159 223.7700 0
-330.7436 312.1272 0
-347.4931 282.5387 0
-275.7271 344.4473 0
-336.7354 325.2260 0
-296.5478 236.2695 0
-321.3321 282.0744 0
-370.5313 369.7743 0
-256.1026 250.9930 0
-296.5856 306.3782 0
-308.8300 216.9869 0
-326.9680 265.8535 0
-303.7762 279.4108 0
-286.7251 290.8849 0
-324.0569 353.0470 0
-326.7440 285.6641 0
-269.8082 276.5469 0
-346.6685 354.0206 0
-303.3640 342.9079 0
-326.6540 267.2864 0
-251.4117 270.9775 0
-233.3360 218.7316 0
-373.1300 265.6036 0
-332.7975 261.9305 0
-368.9386 362.5514 0
-308.6101 348.2329 0
-295.7362 313.5643 0
-255.7649 293.4894 0
-268.5076 364.6479 0
-320.8312 288.3349 0
-293.5179 285.6946 0
-320.3371 262.8214 0
-280.8517 354.9394 0
56.3922 -149.2852 0
-121.4335 -194.1690 0
-43.8935 -194.0772 0
78.0570 -147.1867 0
-117.4926 -191.1023 0
15.6944 -235.4894 0
-88.8655 -34.7297 0
-14.6919 -165.8961 0
-34.2596 -191.6461 0
75.3523 -124.6229 0
-47.2284 -172.5252 0
88.9036 -161.5159 0
27.8466 -173.3495 0
-1.3099 -158.8659 0
92.7748 -157.9016 0
6.7800 -169.5879 0
-57.9037 -110.9388 0
11.0381 -43.8129 0
-48.9081 -83.5097 0
27.0234 -98.1383 0
4.0964 -169.4892 0
38.0522 -205.9854 0
-19.2640 -194.7156 0
49.6465 -101.1180 0
94.2198 -56.2880 0
-2.5755 -143.8997 0
-78.9769 -85.7740 0
-47.0831 -113.5868 0
-93.0613 -152.8640 0
0.2721 -88.2048 0
29.8794 -98.4660 0
23.2073 -64.2997 0
165.5119 -171.3624 0
27.9381 -43.2099 0
-2.7839 -108.5601 0
-43.4852 -148.8702 0
44.3642 -260.4911 0
-63.3701 -251.6520 0
31.4002 -80.0537 0
-4.9579 -142.2767 0
-16.0681 -267.9885 0
50.2112 -60.0876 0
115.2014 -99.7220 0
82.1608 -73.1941 0
28.8323 -142.7667 0
-58.7227 -198.5193 0
53.0845 -77.5114 0
-0.9547 -52.3020 0
84.7109 -93.9816 0
-27.4569 -237.0510 0
66.1209 -75.6359 0
65.9106 -31.9604 0
-43.5216 -239.3185 0
24.4460 -170.4869 0
9.8149 -218.5750 0
-23.6209 -118.1723 0
-0.3638 -203.1990 0
81.3757 -83.6720 0
10.1335 -98.2965 0
58.5930 -168.8509 0
-48.5348 -230.0679 0
44.0104 -81.9079 0
43.6963 -217.3654 0
89.8735 -135.6108 0
-44.4070 -139.4589 0
51.8846 -60.5111 0
12.8186 -167.7141 0
-14.5571 -140.7910 0
89.2295 -171.7451 0
61.6056 -72.2938 0
11.6264 -132.2008 0
54.4724 -73.7832 0
-54.4144 -105.5156 0
17.0105 -177.3435 0
-35.0928 -186.3172 0
-36.6477 -140.6267 0
-35.8775 -169.7950 0
83.4829 -95.5603 0
27.3371 -179.3780 0
29.6138 -168.2473 0
41.1657 -137.9402 0
16.2245 -142.2550 0
-16.0213 -239.9452 0
85.8448 -75.8184 0
42.7578 -243.5184 0
55.2972 -159.6734 0
50.2571 -105.3309 0
56.1764 -56.9176 0
32.5381 -190.1423 0
-6.2012 -140.0070 0
-57.8332 -193.9798 0
-76.4606 -93.9904 0
-90.9141 -88.9725 0
-24.1585 -209.8647 0
-88.2652 -266.4091 0
4.8286 -145.6906 0
-15.1488 -95.3555 0
-79.3093 -191.7424 0
134.1521 -212.6838 0
-12.8738 -122.1346 0
-17.4942 -94.3968 0
19.8171 -132.4221 0
104.9409 -87.7109 0
-34.5527 -136.1196 0
-69.1646 -165.9464 0
20.3390 -111.7841 0
33.8126 -113.0650 0
-26.9095 -174.1917 0
49.9084 -186.5796 0
-1.0877 -130.5727 0
-50.7217 -97.5685 0
-20.5093 -113.8931 0
24.0907 -145.5791 0
-3.0120 -207.7822 0
17.5201 -182.7898 0
13.2739 -118.9099 0
29.1768 -131.9289 0
-51.0873 -136.3440 0
133.1869 -157.9871 0
22.5937 -141.8046 0
38.4296 -210.3239 0
-42.9933 -107.5394 0
-84.9358 -218.7624 0
80.6900 -165.4907 0
-97.1409 -113.3970 0
0.7052 -65.2923 0
-101.3546 -189.6569 0
81.3550 -103.9181 0
85.4656 -208.1775 0
-22.4938 -166.3379 0
35.4335 -65.5193 0
40.4274 -210.8599 0
126.1003 -88.8727 0
-11.0441 -115.9912 0
102.9549 -92.2262 0
12.1400 -229.4046 0
82.9824 -93.8341 0
130.5204 -86.6785 0
-71.1598 -155.2256 0
-38.1571 -133.4065 0
27.7256 -97.9161 0
-3.8278 -65.2044 0
-22.3553 -165.4544 0
-30.6194 -231.4291 0
44.4288 -103.8597 0
58.2193 -151.2239 0
90.0882 -34.9183 0
7.4636 -252.9663 0
-56.3655 -137.8939 0
94.2847 -196.6549 0
6.6669 -193.4585 0
-99.6504 -108.5141 0
-83.6546 -189.6033 0
-1.3146 -212.1228 0
94.3076 -103.7981 0
-33.9472 -155.1564 0
-60.7895 -102.5418 0
24.7581 -95.3793 0
-10.1436 -258.3926 0
78.2789 -105.3728 0
32.3275 -68.4576 0
-62.2918 -191.8255 0
-51.6151 -168.5673 0
1.8882 -154.4956 0
-32.2359 -191.6663 0
30.1226 -112.5631 0
47.4561 -180.4197 0
83.6675 -53.4905 0
82.9505 -129.3532 0
66.6186 -149.1887 0
54.0816 -20.3152 0
98.8673 -172.1951 0
-52.7283 -106.7945 0
-28.9756 -217.0571 0
75.1555 -138.1537 0
62.6902 -84.4027 0
50.4417 -66.9065 0
5.3040 -118.2609 0
28.0090 -176.5731 0
-32.1993 -159.6853 0
-45.5203 -172.6928 0
-69.0642 -201.8031 0
53.9103 -141.6243 0
33.0649 -100.3650 0
29.1177 -142.1365 0
-16.4106 -201.6464 0
-17.6794 -193.2264 0
27.0297 -164.4688 0
77.0752 -223.4086 0
-56.1648 -224.6435 0
43.1280 -135.8829 0
-70.8639 -82.6478 0
-70.9649 -257.0720 0
69.7205 -160.4917 0
-10.5097 -147.8770 0
-45.8323 -189.2763 0
-69.7827 -117.8531 0
-31.1373 -167.0133 0
5.5429 -191.1638 0
-72.6762 -164.1306 0
5.9066 -96.5964 0
40.4377 -138.8100 0
31.0883 -126.6650 0
-13.0613 -153.1158 0
14.2343 -72.9160 0
45.1466 -109.1844 0
-15.1858 -60.6842 0
-26.0722 -125.7279 0
25.4612 -158.5657 0
-10.5323 -231.1499 0
7.8075 -154.0878 0
-23.4677 -180.5442 0
99.6245 -114.6985 0
60.2870 -74.9901 0
17.8471 -94.7803 0
31.0356 -239.2040 0
-14.0856 -135.7341 0
57.3022 -144.5212 0
-88.4451 -82.9638 0
-45.1915 -212.0267 0
53.0434 -158.5060 0
-21.1277 -113.4765 0
162.6506 -228.8757 0
67.5087 -105.2405 0
69.4700 -199.4055 0
11.9264 -137.1796 0
-39.4504 -239.4551 0
21.3454 -163.2001 0
29.4535 -107.4591 0
27.9106 -278.1643 0
-53.3248 -221.8887 0
73.4238 -133.2533 0
60.4923 -175.9311 0
70.7397 -203.4888 0
34.8199 -150.0542 0
-47.2417 -186.8783 0
59.1635 -243.0239 0
56.9052 -152.1304 0
-37.4735 -74.9324 0
113.1545 -35.7636 0
-46.3522 -227.9381 0
12.2373 -143.3677 0
-8.2858 -132.1094 0
-17.7684 -227.3711 0
-40.6520 -170.1331 0
69.2588 -59.6513 0
1.5259 -107.6692 0
62.8673 -221.5518 0
43.0334 -192.5058 0
-13.0126 -135.3563 0
-36.2229 -152.9526 0
4.0083 -145.7270 0
-71.5632 -107.0074 0
-40.8536 -124.6965 0
57.0693 -164.6625 0
-61.3766 -64.1371 0
-3.5745 -195.8061 0
119.8488 -109.9794 0
43.4479 -239.3276 0
-19.7625 -187.7365 0
55.4945 -101.4763 0
80.3810 -98.1869 0
47.1537 -170.1307 0
112.2004 -192.2943 0
-17.2831 -185.0278 0
-29.9897 -78.0802 0
-2.2080 -153.3673 0
0.6740 -114.4965 0
69.6081 -141.0882 0
-29.8667 -136.4621 0
-20.0183 -187.8200 0
-103.7962 -157.7677 0
30.3484 -44.1962 0
-2.7151 -249.0805 0
-93.5728 -178.1060 0
-106.2787 -124.4135 0
32.4429 -151.5938 0
-2.4878 -139.6314 0
-112.3854 -247.7887 0
56.1985 -191.1234 0
-26.3447 -158.1679 0
40.9984 -241.6603 0
18.7143 -148.8946 0
115.7650 -83.3525 0
-6.3756 -116.0581 0
-19.4344 -168.8724 0
-46.1489 -98.1560 0
64.1072 -286.5243 0
33.2489 -147.2290 0
-35.2102 -115.2104 0
44.0051 -130.3199 0
26.0239 -149.4942 0
67.3820 -211.4176 0
13.1666 -142.6033 0
-40.1474 -100.1113 0
-39.7302 -110.4775 0
12.4199 -84.0952 0
-27.7286 -128.9469 0
56.6447 -178.3086 0
-20.4842 -106.3381 0
17.4042 -122.4411 0
-0.2231 -37.5111 0
-40.6862 -112.1217 0
-38.5093 -142.3550 0
58.5851 -164.3796 0
46.2877 -168.3468 0
-59.4954 -135.0478 0
-37.8384 -115.9237 0
-49.0021 -51.7857 0
-17.5486 -120.6196 0
7.7974 -209.7817 0
-33.0048 -112.4572 0
-40.4719 -112.9670 0
78.4610 -14.8806 0
-29.8130 -193.4752 0
38.2940 -160.9569 0
37.3627 -300.9052 0
-16.0638 -91.9473 0
14.7302 -35.7161 0
71.1785 -180.4923 0
-21.8600 -134.5681 0
115.8294 -261.1295 0
-21.9871 -168.7584 0
43.7238 -125.5514 0
-13.1895 -154.9317 0
-40.6966 -218.1021 0
106.4537 -152.5758 0
-9.8523 -201.9167 0
-61.6478 -126.1826 0
14.8581 -100.0040 0
-84.9948 -170.6146 0
45.2366 -52.1741 0
-18.1325 -177.1437 0
60.4746 -156.6308 0
9.3546 -41.6591 0
-30.3766 -226.2271 0
48.4583 -181.4117 0
112.0595 -65.1511 0
9.6037 -256.6554 0
9.4554 -179.5355 0
-33.9700 -155.1506 0
-4.5956 -122.8004 0
22.7060 -205.8467 0
-26.8691 -143.9663 0
57.7263 -205.6646 0
11.0800 -94.9026 0
-24.9594 -156.5242 0
-0.1002 -183.7708 0
61.3021 -182.6448 0
97.7401 -14.0621 0
58.4959 -197.3225 0
143.1220 -164.1429 0
60.2645 -60.4251 0
-96.6044 -149.5602 0
3.9112 -87.8977 0
69.8112 -11.8606 0
-82.7176 -132.1589 0
62.3854 -101.3927 0
86.1665 -76.8731 0
-105.9922 -189.8595 0
-12.2527 -130.8503 0
89.0383 -97.5184 0
-77.0643 -213.2682 0
-1.0570 -159.5102 0
34.8710 -136.6459 0
51.6275 -176.9240 0
28.3741 -157.0716 0
-6.6986 -116.0748 0
-25.5853 -233.7406 0
-11.1877 -198.4120 0
-130.5809 -143.7368 0
4.9016 -151.5796 0
67.3787 -97.5595 0
27.3574 -148.4860 0
-0.8566 -171.7507 0
-23.8995 -147.7598 0
43.7466 -137.6759 0
54.2949 -197.8898 0
51.7739 -111.2781 0
-52.1470 -258.9381 0
27.6375 -189.3153 0
-39.6721 -52.7214 0
102.2444 -165.8347 0
0.2653 -104.3211 0
-26.2074 -134.6732 0
-49.7526 -154.5630 0
71.9831 -73.5556 0
-4.5071 -57.0339 0
-22.6429 -142.7400 0
-19.0396 -70.5995 0
48.8685 -138.6309 0
32.7038 -235.4989 0
18.6288 -161.6109 0
95.6553 -111.2079 0
-73.7135 -17.1014 0
24.0490 -149.8569 0
-38.1525 -210.3040 0
78.6665 -133.5872 0
-82.7165 -159.4026 0
-92.3733 -165.8233 0
-16.5704 -169.9646 0
55.7502 -189.8715 0
-44.9360 -191.4815 0
5.8917 -91.9740 0
-21.6812 -253.7116 0
65.4558 -219.6626 0
39.7529 -129.7737 0
-90.8496 -156.1071 0
-28.1178 -174.5838 0
-32.5376 -156.0102 0
145.4719 -118.7896 0
25.0828 -151.1275 0
29.7740 -101.2900 0
-12.4117 -207.6127 0
125.3310 -245.6199 0
11.0722 -105.2796 0
67.5933 -164.9531 0
23.1908 -73.3756 0
-32.3765 -159.0068 0
10.8179 -212.4611 0
55.6610 -222.6399 0
-29.2950 -229.1768 0
-27.4774 -106.3480 0
-28.4748 -251.7425 0
50.1828 -159.3610 0
12.1233 -186.0551 0
81.9164 -184.4710 0
-13.0594 -220.7305 0
24.0515 -86.8109 0
-34.6973 -298.6989 0
79.2665 -190.5216 0
87.0665 -69.7752 0
61.5941 -167.3551 0
47.4592 -89.8684 0
46.0904 -104.4727 0
157.5983 -258.8640 0
-40.4470 -211.0099 0
41.6259 -30.2897 0
49.6973 -188.3664 0
-30.7975 -127.5552 0
-52.0278 -178.6837 0
16.0098 -219.3427 0
-5.3594 -224.6229 0
161.5856 -21.9429 0
33.5408 -246.4983 0
27.3973 -132.1640 0
-22.3369 -246.7907 0
89.1884 -155.0204 0
-14.9646 -208.9985 0
-50.0069 -151.5514 0
-41.5155 -94.1150 0
-31.8371 -95.4846 0
-68.0163 -230.3226 0
-22.8555 -45.2425 0
74.2394 -144.0744 0
-87.3874 -181.0602 0
-109.3104 -126.2950 0
-97.8571 -179.8749 0
83.9475 -74.4095 0
-7.3120 -175.2713 0
-137.5006 -206.7081 0
-94.9459 -150.8712 0
23.9689 -86.4601 0
-121.1605 -106.5834 0
78.0572 -114.7914 0
-2.6119 -70.0048 0
-8.3987 -119.8309 0
14.7289 -109.0228 0
-62.7515 -108.8454 0
-46.7012 -179.8543 0
53.5320 -147.3622 0
108.4542 -123.5197 0
27.2636 -133.4560 0
98.7153 -255.7022 0
67.2990 -175.9989 0
72.1111 -155.1644 0
-12.6199 -112.6060 0
11.6077 -136.1954 0
-20.4722 -187.2932 0
111.4286 -91.8397 0
-9.7385 -9.9338 0
14.9433 -117.4861 0
46.6453 -68.1096 0
63.1257 -190.0463 0
5.1812 -187.6125 0
38.8865 -124.1546 0
-33.7447 -20.2519 0
-46.3752 -38.2051 0
-1.3756 -124.7372 0
20.9624 -149.8456 0
43.9346 -161.7089 0
-9.9458 -86.5647 0
-47.4537 -200.1067 0
-5.4851 -134.5845 0
-4.6345 -185.4741 0
-115.8422 -112.9352 0
-2.9972 -220.7971 0
-20.3718 -147.0210 0
81.6206 -69.7431 0
10.4963 -79.9362 0
0.5916 -324.4128 0
32.5333 -52.6812 0
70.9625 -94.1442 0
10.3865 -151.8487 0
2.9209 -68.4696 0
67.3335 -258.6002 0
26.7986 -181.5354 0
7.9224 -149.5517 0
-56.6417 -116.2752 0
22.3525 -163.8944 0
-13.1255 -147.6593 0
25.7263 -170.2955 0
-12.6608 -181.0597 0
33.2920 -147.6309 0
91.4670 -138.5001 0
-33.1253 -136.0000 0
6.2311 -195.8136 0
-45.0925 -49.0640 0
-5.5467 -136.7397 0
-29.4307 -137.2580 0
-40.7918 -249.2761 0
-7.7353 -89.5136 0
-19.5166 -229.3899 0
18.9546 -149.6006 0
-36.4825 -147.9098 0
-41.6556 -175.6304 0
-22.6128 -175.7472 0
2.9725 -207.9166 0
76.3380 -65.1090 0
21.7329 -144.8216 0
6.7512 -57.7723 0
-72.2831 -40.6918 0
0.1018 -148.1098 0
6.9584 -195.1893 0
152.6963 -165.8478 0
58.6550 -204.6965 0
-57.5681 -194.7362 0
100.9845 -165.6237 0
20.0868 -50.2482 0
4.6382 -143.5353 0
-26.0677 -127.3602 0
-36.4639 -138.2204 0
4.7240 -173.4151 0
29.2431 -192.5350 0
70.6820 -116.4289 0
-92.9863 -278.5391 0
7.9620 -143.9254 0
-0.1762 -103.2667 0
7.9901 -241.6828 0
69.9972 -160.7214 0
-24.1305 -132.1042 0
82.8655 -249.2524 0
34.3336 -205.6090 0
4.9919 -162.3265 0
-30.8318 -83.9137 0
14.3852 -106.1195 0
-38.2854 -163.6930 0
2.5054 -104.4613 0
48.9368 -158.8088 0
54.6869 -136.5753 0
47.4306 -144.5531 0
-80.0904 -255.0798 0
16.4296 -107.0301 0
28.4317 -235.5421 0
78.8589 -215.1970 0
110.9174 -253.1299 0
-20.0334 -38.9431 0
1.5930 -166.5513 0
1.2046 -231.9829 0
63.4762 -120.7979 0
-17.2139 -127.6549 0
93.0899 -106.2963 0
-2.6012 -25.8187 0
4.9527 -226.8587 0
25.4450 -100.8933 0
-0.5868 -144.2528 0
2.4057 -140.0214 0
27.8680 -74.2296 0
0.9899 -131.3696 0
-32.3141 -121.7616 0
-50.5465 -129.7622 0
-74.4273 -136.4753 0
74.0422 -157.9152 0
-104.1711 -147.2004 0
38.2821 -17.2250 0
-8.8682 -141.8443 0
118.0729 -226.9619 0
-4.9191 -211.5701 0
55.3883 -149.1952 0
-46.3309 -36.8773 0
-50.2533 -195.6031 0
-11.0530 -181.2300 0
-16.7393 -116.0789 0
34.6916 -170.1656 0
-51.5090 -157.3496 0
31.9603 -96.6004 0
-66.3481 -109.7603 0
76.7676 -131.0508 0
128.9352 -100.9801 0
-47.6311 -129.5372 0
-0.2508 -46.7302 0
0.3025 -177.5346 0
112.4493 -163.1888 0
22.9784 -126.3586 0
40.4526 -160.5742 0
33.2027 -168.1521 0
6.7894 -162.7995 0
36.7056 -80.7359 0
12.1812 -114.0788 0
10.0161 -157.0935 0
-19.7065 -121.8216 0
26.1800 -126.2537 0
34.0914 -198.0343 0
-78.4996 -101.9869 0
-15.5904 -120.1965 0
29.1128 -99.9957 0
-8.9348 -146.4521 0
-65.5481 -122.6970 0
73.9494 -123.0579 0
63.9163 -150.7098 0
77.5987 -141.7806 0
-95.8800 -238.9534 0
-24.6042 -212.7980 0
16.2765 -137.5768 0
-72.2382 -72.0461 0
-5.0561 -101.4174 0
-20.9378 -56.5132 0
70.5016 -147.1729 0
40.6620 -115.5208 0
124.7206 -207.9442 0
25.5044 -79.9397 0
13.1391 -53.1333 0
48.5936 -151.1457 0
79.8596 -204.9862 0
-11.0954 -107.6021 0
-29.1569 -69.8816 0
-61.7674 -131.8097 0
-38.6568 -188.8448 0
36.6302 -143.5895 0
-41.8852 -67.4260 0
-80.8236 -167.3075 0
-2.4977 -166.6910 0
36.0135 -103.5283 0
8.4096 -108.0422 0
-91.1404 -127.5023 0
34.7001 -253.6303 0
18.0037 -116.1076 0
-5.4423 -121.2313 0
-31.1112 -80.3274 0
-27.5240 -85.1960 0
72.1211 -163.4832 0
-25.4688 -243.0351 0
48.0446 -185.3742 0
-60.0496 -187.7131 0
-10.7018 -75.6282 0
-32.6599 -146.3953 0
4.6256 -120.8574 0
9.4436 -174.5261 0
28.3825 -102.2881 0
27.2762 -107.0591 0
-119.2630 -224.2380 0
29.8834 -91.3530 0
-52.0819 -146.7425 0
19.3043 -208.6154 0
68.6313 -217.0619 0
-126.0962 -53.2281 0
87.4030 -87.6158 0
-113.0783 -68.3280 0
108.1968 -157.8568 0
-162.6188 -150.9878 0
-71.8785 -181.8706 0
-195.5070 -181.4922 0
26.5523 -132.0931 0
55.7117 -216.9908 0
-52.6939 -73.5836 0
76.7295 -105.8813 0
-43.4878 -198.3195 0
10.6826 -76.8895 0
17.2582 -101.8707 0
-4.3765 -231.1585 0
54.8179 -171.2317 0
12.1205 -219.3558 0
8.5154 -149.7524 0
39.3506 -101.6084 0
35.0399 -102.3495 0
26.4989 -131.0708 0
73.5598 -155.1709 0
-50.4965 -98.5081 0
5.1835 -157.5787 0
67.1976 -103.7525 0
58.3525 -107.9275 0
-0.6115 -223.8097 0
98.6713 -133.4825 0
-20.0879 -96.4683 0
126.9466 -156.0317 0
113.6333 -150.9971 0
38.9595 -173.5023 0
-3.5188 -133.8835 0
-54.2933 -37.1532 0
41.4450 -348.9352 0
-4.4503 -261.3687 0
54.2421 -113.2922 0
30.1655 -140.4433 0
21.9225 -140.1061 0
-7.6328 -166.3634 0
-85.1011 -83.1706 0
-7.0117 -82.5702 0
-77.5957 -162.5617 0
-53.5832 -181.4078 0
11.2817 -171.5884 0
57.9211 -42.6899 0
14.8192 -101.8589 0
-9.5871 -150.3105 0
68.3890 -115.4233 0
-83.7581 -119.4902 0
89.2680 -100.4628 0
18.0235 -215.1866 0
-69.1518 -202.3745 0
-67.6535 -152.4901 0
5.2740 -131.1935 0
-43.9341 -107.7772 0
54.0965 -140.3468 0
24.2835 -137.5294 0
-45.1488 -170.9329 0
-24.0437 -229.4879 0
-114.0713 -183.5796 0
11.5445 -131.4003 0
-63.1889 -46.4908 0
-27.5155 -202.4338 0
95.3712 -83.5917 0
-32.6291 -98.6264 0
-24.5719 -92.7978 0
-18.4015 -201.2154 0
-34.9766 -176.2363 0
59.5316 -175.4919 0
58.7178 -225.0808 0
15.7577 -214.2285 0
34.8051 -238.8442 0
19.7697 -121.8426 0
31.6845 -89.1061 0
90.7136 -168.1102 0
-19.5837 -255.9422 0
122.5842 -160.2192 0
-51.7559 -98.1433 0
26.0312 -282.4078 0
41.5506 -51.9214 0
-36.1345 -252.7626 0
-15.1756 -185.4233 0
22.4465 -78.2052 0
66.9147 -198.1656 0
8.3754 -216.5449 0
-96.9803 -214.1086 0
60.2368 -157.7632 0
-15.9750 -127.7748 0
140.1471 -169.4903 0
54.2751 -97.7544 0
15.0797 -156.1675 0
-5.8926 -86.1282 0
5.1175 -14.0893 0
34.5609 -109.6575 0
-56.3401 -175.1195 0
8.5969 -201.1138 0
-58.8012 -219.8414 0
-40.2994 -58.1047 0
34.9196 -185.5300 0
-29.0358 -144.6960 0
-40.0256 -184.8555 0
69.6372 -36.0982 0
-79.4707 -155.1534 0
9.9444 -283.9025 0
-9.4770 -181.4482 0
-53.3482 -145.7533 0
90.9596 -166.5363 0
20.8245 -149.2559 0
-44.3249 -106.4586 0
17.6327 -119.6150 0
-98.9015 -159.4649 0
105.9192 -149.4635 0
-28.3362 -94.0531 0
1.7759 -99.5492 0
-2.9705 -120.9011 0
141.0734 -74.2880 0
39.0060 -146.7169 0
-93.0929 -90.1462 0
-92.3634 -148.9461 0
-28.0125 -123.6253 0
12.1183 -155.7647 0
-51.6189 -59.6086 0
55.3141 -240.5704 0
-4.7664 -220.9097 0
-51.6423 -106.4053 0
10.5827 -86.1323 0
65.7591 -142.7836 0
-16.9538 -108.6748 0
43.1425 -84.7562 0
138.7739 -120.7882 0
18.9474 -176.5904 0
51.0488 -159.8595 0
-8.8494 -128.3242 0
-65.3241 -235.0518 0
205.5697 368.2139 1
301.0253 340.5958 1
305.0833 385.6270 1
361.4439 428.7790 1
282.2571 401.7581 1
317.9509 394.2943 1
297.5106 356.7694 1
292.4141 310.3228 1
302.2386 303.2523 1
269.6756 394.2691 1
366.5139 319.0322 1
283.1571 276.4160 1
339.1603 347.8766 1
334.6535 362.1043 1
299.6809 273.7374 1
322.9524 365.9486 1
309.7786 369.8806 1
305.5059 364.7118 1
282.2945 337.3160 1
262.0889 392.7825 1
283.6861 370.3998 1
353.0647 347.8567 1
305.7110 321.0632 1
342.9037 431.3064 1
309.4796 331.6408 1
369.5124 361.7902 1
375.3642 372.1805 1
243.6616 425.3714 1
331.7852 363.5930 1
246.5006 353.2577 1
302.5546 406.1650 1
325.6627 311.8867 1
313.7439 351.8484 1
265.3389 391.1335 1
306.1169 353.1593 1
252.2826 403.4416 1
343.9900 318.1382 1
247.1473 372.0691 1
236.7108 316.6306 1
249.6177 358.7307 1
301.9240 323.7462 1
361.9676 315.2458 1
233.1110 321.7849 1
394.9398 302.3250 1
316.7856 330.0034 1
229.7540 319.8762 1
375.3055 377.1296 1
299.6291 397.3074 1
306.4975 278.2913 1
280.1027 331.5351 1
278.8791 313.7693 1
305.0822 310.9913 1
371.7822 309.4490 1
256.7133 295.4732 1
324.0281 361.8420 1
304.5841 439.2691 1
294.4084 330.0854 1
315.5304 333.3096 1
285.8233 288.7278 1
265.6819 408.0125 1
279.6747 303.2066 1
292.9758 250.7731 1
279.1038 387.6255 1
352.8667 365.3468 1
267.4280 401.8144 1
257.8522 378.6307 1
232.9046 382.1559 1
343.3314 320.3137 1
257.2069 404.4294 1
254.0787 351.4290 1
225.0031 331.3689 1
316.3143 350.9337 1
354.0881 383.1663 1
285.3900 393.2607 1
278.1875 413.7054 1
268.2061 287.9223 1
272.4168 354.5493 1
324.0226 359.7413 1
288.1562 344.5108 1
235.8053 350.8101 1
291.8614 344.3594 1
326.6220 315.0027 1
330.4111 257.9136 1
217.9727 346.2474 1
258.7127 317.8694 1
349.8474 310.6971 1
278.1073 363.0143 1
222.0662 366.5811 1
324.1672 341.9663 1
348.1492 357.9794 1
313.5314 293.0128 1
287.7360 307.6998 1
276.7871 287.9275 1
345.4111 283.8924 1
294.7383 427.9001 1
240.3799 315.3667 1
334.0719 377.3630 1
322.9940 369.5439 1
262.7639 396.5698 1
343.6151 320.0393 1
284.3708 416.8420 1
326.3485 283.3938 1
272.3825 269.5072 1
264.3816 389.3519 1
303.1109 415.9072 1
353.3776 472.8105 1
298.8275 396.2571 1
333.8100 330.5548 1
275.5995 322.1907 1
205.2751 414.3701 1
335.6432 361.1030 1
281.3355 354.7577 1
353.8735 338.1752 1
191.5002 419.7856 1
361.5981 361.4752 1
270.0263 299.0272 1
330.3263 300.1877 1
300.9652 321.2992 1
274.1526 268.6382 1
236.2699 331.6333 1
355.0492 304.1245 1
237.3540 319.9821 1
339.5466 356.1532 1
284.6692 377.8818 1
280.9897 333.1258 1
198.8890 403.2153 1
255.2897 307.2229 1
284.2031 346.7499 1
333.6925 323.4507 1
320.6961 354.7586 1
259.0346 356.1198 1
333.6054 376.9046 1
336.6578 331.0251 1
313.9245 338.3633 1
260.7509 433.9558 1
247.8713 389.4866 1
244.3047 398.1517 1
310.9836 322.9996 1
263.1555 271.6320 1
284.0350 347.9423 1
269.4707 308.4070 1
297.6168 352.1805 1
308.1889 457.5781 1
243.8069 280.4019 1
315.0595 398.0304 1
266.1214 375.8489 1
332.4409 366.2856 1
326.5467 317.4184 1
312.7599 361.3348 1
310.9654 364.9406 1
215.8063 345.7404 1
321.9138 359.6725 1
305.9582 343.0121 1
297.5996 401.0085 1
285.1796 352.6157 1
297.3555 373.6809 1
241.2844 239.9457 1
273.3073 380.0163 1
336.0948 400.0580 1
281.1286 334.0027 1
241.1176 319.5508 1
331.9033 351.6778 1
289.5793 365.1213 1
274.9285 358.4487 1
311.4262 334.3245 1
261.2264 348.3049 1
303.1671 367.2409 1
303.2394 336.6459 1
303.2075 390.1157 1
303.1430 316.9518 1
253.5597 309.9642 1
263.7396 285.3761 1
234.3695 341.0634 1
298.2403 386.6768 1
277.4228 352.0364 1
272.9608 342.1451 1
372.1717 285.8338 1
254.4669 279.6442 1
242.8486 339.6325 1
291.5739 298.0657 1
238.4002 336.1142 1
324.0262 357.8226 1
310.8482 315.0132 1
249.8508 403.1195 1
302.6078 327.8788 1
296.6989 319.6944 1
247.7137 337.3304 1
263.2819 293.8456 1
339.2905 351.3943 1
315.7779 373.8290 1
304.1472 343.5166 1
313.3492 335.2099 1
316.8028 400.6065 1
223.2992 337.9246 1
288.8966 419.3058 1
294.7091 299.2962 1
334.2842 345.2608 1
361.1653 311.0621 1
286.6848 389.2159 1
291.1548 332.4264 1
300.0581 308.7215 1
273.5022 310.2866 1
267.6748 382.5024 1
273.8112 364.8480 1
284.0408 349.0042 1
325.1145 330.9875 1
196.5745 407.1269 1
309.4123 303.6403 1
347.9090 333.1148 1
309.0389 392.7273 1
304.9687 360.8839 1
300.5486 292.3085 1
304.5236 301.5119 1
255.0896 397.3908 1
254.5024 355.3498 1
285.9008 443.6885 1
287.6979 323.0421 1
314.0985 306.9100 1
323.9166 395.0176 1
235.8062 314.0882 1
326.2691 351.3233 1
291.2937 333.1375 1
302.5226 330.6800 1
255.9197 482.2957 1
312.1583 339.5939 1
292.5451 365.2168 1
308.4809 362.7065 1
291.4126 343.5458 1
342.9196 364.6124 1
300.6976 348.3399 1
293.5821 364.8832 1
335.1433 429.2255 1
352.9559 351.3384 1
229.6137 367.2084 1
291.7232 449.5658 1
249.9624 320.1925 1
330.1260 313.3573 1
318.9670 375.7711 1
342.9479 380.2666 1
296.5120 345.0101 1
308.2032 408.4893 1
280.1096 404.9031 1
368.3553 305.4171 1
294.4990 358.5448 1
276.6314 377.2719 1
261.4944 319.8000 1
195.8518 391.9725 1
337.2444 360.5606 1
239.6384 383.9847 1
235.9650 361.8294 1
304.6588 300.8501 1
317.1393 302.3077 1
306.5035 373.6062 1
329.8312 410.9203 1
320.1566 319.0109 1
342.6971 350.1269 1
369.3313 356.2379 1
260.9196 332.6703 1
346.3884 314.3385 1
342.1998 303.6418 1
245.7678 331.7879 1
342.2053 359.0975 1
292.4684 370.6400 1
310.1566 365.6191 1
345.4884 301.9640 1
284.1070 395.1436 1
301.7256 270.2645 1
299.7481 355.5240 1
320.8316 290.4477 1
294.5536 388.5196 1
361.4145 274.0971 1
306.7944 351.9740 1
261.6866 327.7841 1
291.3141 316.0760 1
281.1746 331.3836 1
277.3679 392.9831 1
328.8759 335.1289 1
321.8515 361.4958 1
313.7930 355.1105 1
256.6626 319.2674 1
265.8535 386.4044 1
261.6799 333.0257 1
304.5954 340.3820 1
287.8544 383.1473 1
370.9613 317.9888 1
264.8514 331.6355 1
330.9173 312.5781 1
314.5723 384.1557 1
247.9580 357.7729 1
334.2704 330.2675 1
253.7303 393.3270 1
310.0317 386.1659 1
260.0074 376.9655 1
205.5579 396.6434 1
299.3408 325.9556 1
321.8387 333.2981 1
295.1715 343.5199 1
354.2714 304.5003 1
374.4994 386.9114 1
296.0343 381.2833 1
277.3772 315.4920 1
340.3615 403.7910 1
309.7935 344.2651 1
365.6070 370.8074 1
350.9119 323.9592 1
353.7528 366.0287 1
302.9218 317.0188 1
341.7823 367.1317 1
251.9451 314.6757 1
252.2198 337.7852 1
289.3775 371.1336 1
289.0869 310.4443 1
299.7731 382.4061 1
281.3389 365.5693 1
337.9246 369.7813 1
261.3133 314.2148 1
318.8295 400.7365 1
371.4658 350.5598 1
280.4572 371.2911 1
311.3656 302.8066 1
312.5215 307.0032 1
329.8922 345.5236 1
242.0033 335.6161 1
231.0060 354.5071 1
293.1457 358.9798 1
322.1321 320.8916 1
256.4457 359.9641 1
302.5890 373.0314 1
283.6455 336.8457 1
291.6374 359.5847 1
273.4713 286.0077 1
299.1932 346.2471 1
286.3915 369.0639 1
281.4564 368.1044 1
311.6019 300.6311 1
298.4179 306.6540 1
275.9056 414.3587 1
285.7425 371.9875 1
348.5399 393.1821 1
348.1736 409.4292 1
285.3737 297.3305 1
334.1793 383.3509 1
293.9456 394.6750 1
237.4499 276.5075 1
315.8315 359.2844 1
350.3748 433.4842 1
323.0681 335.8272 1
296.7208 352.4570 1
270.6366 379.4241 1
310.3109 324.8617 1
270.0736 353.0671 1
333.2582 367.4487 1
338.2932 355.9070 1
287.2952 363.8780 1
208.4854 391.4354 1
255.8375 322.4384 1
241.0815 360.1056 1
336.7883 396.5636 1
296.2298 388.4427 1
318.9687 355.7012 1
229.6786 319.8695 1
350.7058 352.3686 1
263.5168 399.1914 1
336.8385 439.6067 1
256.9525 359.4639 1
298.6775 369.6189 1
301.4253 381.7996 1
260.5535 325.0115 1
295.8300 338.5410 1
300.4241 335.7921 1
285.1835 312.8656 1
269.8521 329.2278 1
251.0036 301.0406 1
296.7635 275.0374 1
257.6938 321.2624 1
240.1832 337.7130 1
269.6698 310.7877 1
279.4865 288.3221 1
310.4721 357.8433 1
341.9930 296.8170 1
262.8166 419.4015 1
256.4019 400.5493 1
290.9947 372.4714 1
327.9524 388.6949 1
368.0176 402.6662 1
329.3640 311.6714 1
329.4291 381.2997 1
316.9281 450.7507 1
296.7315 363.1609 1
320.8359 275.4418 1
354.6927 362.1841 1
289.2863 435.2447 1
369.2649 288.4104 1
319.7991 359.0884 1
323.9535 360.0790 1
300.4695 308.2350 1
296.3330 367.3174 1
351.9851 335.8231 1
291.8821 371.1813 1
276.2095 338.3951 1
321.4924 313.7684 1
240.7600 303.4599 1
299.6003 310.2093 1
303.1371 392.5908 1
251.1605 319.1282 1
291.4721 332.5432 1
256.9991 337.2927 1
358.4410 454.1058 1
277.1726 335.6097 1
259.7607 374.3099 1
285.4178 320.8643 1
261.4436 284.7336 1
223.6122 373.1048 1
250.2835 370.1186 1
304.3320 386.5279 1
273.8027 414.8511 1
291.9461 341.2048 1
287.6385 360.2813 1
245.7088 322.1644 1
269.5154 292.9670 1
321.7266 333.4961 1
323.4449 381.0623 1
328.9353 384.7455 1
236.0330 365.4566 1
208.6043 418.4873 1
296.7610 339.8525 1
253.5966 294.8943 1
292.1336 290.3358 1
252.0047 360.4358 1
327.0208 330.6633 1
332.9970 302.1013 1
248.7337 370.1656 1
345.3443 405.3658 1
367.3561 420.3740 1
330.9733 408.4180 1
320.7799 307.7547 1
345.3396 328.5125 1
273.1822 378.1868 1
372.4619 348.2137 1
283.8188 380.7059 1
345.0738 374.6473 1
361.2967 324.6463 1
320.5659 294.4501 1
299.0325 262.3047 1
322.6135 349.9451 1
189.6161 282.6959 1
269.8488 347.2297 1
285.4903 339.4706 1
313.8379 334.8328 1
347.2415 353.8762 1
288.2508 334.7189 1
384.1262 331.4746 1
343.2340 357.3436 1
375.1902 338.8783 1
354.4578 348.7011 1
219.4204 348.9345 1
288.5071 333.2636 1
278.1754 317.9958 1
329.7513 350.6268 1
339.6621 389.8825 1
246.5383 266.4623 1
323.1523 355.0481 1
267.8947 360.4557 1
319.2854 374.3491 1
322.2628 412.7579 1
278.0893 411.3946 1
278.8061 456.1667 1
347.4010 374.7023 1
308.0613 385.1806 1
200.1507 312.7843 1
321.6684 428.4554 1
351.3955 360.2448 1
272.9414 315.3740 1
365.6564 379.3673 1
349.7589 298.3133 1
243.4167 292.9178 1
343.9501 327.2115 1
288.4955 329.1286 1
270.7021 380.8271 1
342.6649 273.9996 1
254.3539 350.0727 1
250.8001 328.8188 1
326.0684 392.9813 1
340.8016 442.6560 1
355.7885 378.8218 1
351.5757 328.2380 1
263.7662 286.8986 1
298.0527 369.6447 1
321.4716 403.6911 1
289.0204 372.4979 1
256.8078 323.0514 1
345.6808 419.6720 1
250.7048 388.7480 1
307.7861 336.5899 1
338.7078 292.4950 1
323.7192 383.6088 1
308.4314 318.0719 1
274.7198 368.2986 1
272.3037 362.1704 1
284.7096 423.2633 1
262.0395 408.4115 1
256.2083 379.0215 1
256.6417 324.6779 1
256.5514 405.7143 1
256.8956 307.5398 1
337.4423 317.9489 1
290.6103 362.5465 1
357.4578 353.7355 1
348.5173 346.0900 1
287.6843 313.8891 1
277.4922 361.2504 1
330.7799 384.1457 1
327.3520 330.1055 1
291.2949 366.1381 1
363.7621 314.5107 1
335.5880 352.1327 1
335.9050 341.9522 1
261.6711 326.6230 1
271.0214 335.4402 1
235.7061 371.8795 1
280.3934 358.7958 1
263.4117 358.7626 1
331.9982 410.5518 1
285.2400 393.4109 1
298.9264 358.2572 1
332.0443 359.2878 1
267.7582 315.8859 1
282.5569 329.2294 1
296.0276 402.3046 1
314.2542 347.8569 1
249.1592 306.7293 1
298.3379 385.6324 1
311.7205 293.7040 1
293.3828 357.7518 1
353.9577 344.5913 1
333.3954 344.6187 1
308.0098 373.1264 1
263.0026 302.7078 1
300.0665 366.8501 1
347.1924 335.5528 1
267.5518 306.4384 1
328.2108 338.2779 1
237.0560 436.2799 1
350.0604 394.1674 1
282.8410 403.0433 1
251.7848 313.0006 1
290.5978 376.5378 1
241.3081 334.9517 1
284.9749 360.9953 1
269.7753 358.8351 1
305.4575 359.8732 1
219.5540 372.9898 1
324.2951 312.1446 1
327.4131 325.7213 1
356.4814 416.3626 1
338.8845 359.6384 1
309.3823 328.8475 1
247.1780 306.8116 1
322.3820 318.9077 1
294.2168 336.2354 1
334.4372 376.7769 1
345.7121 393.9847 1
347.5603 371.7183 1
255.5003 317.9011 1
393.5235 317.6721 1
328.9415 263.7991 1
235.0664 333.0957 1
272.1511 319.9169 1
357.8708 293.2633 1
328.2469 380.2054 1
332.3621 330.0750 1
269.3207 348.6761 1
358.7377 353.1594 1
261.0067 386.1212 1
365.2159 298.9706 1
256.7967 282.2021 1
360.6202 288.4992 1
227.9417 398.0728 1
348.6958 374.9084 1
334.0240 331.0096 1
271.3561 394.7111 1
273.7914 285.8815 1
286.9279 314.3094 1
243.3845 396.6301 1
260.2989 318.3989 1
285.0607 397.8763 1
295.9028 294.3223 1
271.5999 298.6104 1
369.2586 344.3261 1
288.8592 292.6834 1
361.5882 326.5544 1
306.2562 366.5630 1
214.2332 391.1099 1
254.3243 400.8994 1
308.4713 324.2825 1
320.6117 362.4689 1
289.0661 339.0298 1
299.7723 345.9224 1
366.6038 385.2954 1
272.7846 350.2745 1
304.9420 342.1770 1
297.6133 329.8564 1
240.6879 373.3587 1
270.4198 278.0934 1
304.5198 357.7963 1
324.5688 320.8776 1
182.3856 343.8362 1
281.7904 386.2961 1
267.6449 359.6427 1
299.2758 312.9593 1
322.3203 360.6890 1
249.8855 395.6483 1
277.3792 434.1119 1
272.9640 345.9617 1
298.5894 336.3396 1
336.3686 360.4663 1
312.8619 318.2158 1
301.4754 429.8184 1
297.9446 371.0062 1
250.8928 297.0165 1
325.2639 344.7761 1
389.5580 333.5694 1
268.8850 305.3506 1
318.7034 345.3600 1
254.5265 355.5457 1
201.1421 414.2256 1
291.3904 345.5157 1
272.0514 341.9467 1
296.8056 288.1896 1
287.0136 469.5234 1
267.5909 441.6168 1
303.9826 383.6349 1
255.7784 397.8861 1
301.0944 324.0010 1
366.4682 318.2415 1
291.5821 368.7633 1
317.2299 374.5038 1
331.1384 325.9517 1
299.9920 339.1304 1
311.7612 367.2997 1
302.2974 352.2176 1
237.3912 381.3074 1
260.3139 295.6191 1
315.7787 311.4693 1
314.4466 456.3071 1
353.5789 255.7099 1
310.5057 321.7909 1
381.8557 373.0796 1
199.4143 269.1273 1
317.1278 432.2602 1
352.7326 328.8021 1
332.4903 349.8022 1
303.8516 369.3726 1
353.6664 277.8719 1
313.8142 346.5916 1
314.2374 329.7617 1
279.4918 340.9743 1
358.6152 330.5660 1
339.3129 420.0213 1
287.5170 366.7848 1
348.9873 376.3968 1
328.3119 369.1426 1
333.2795 353.7682 1
253.8435 319.7104 1
260.2188 292.7858 1
281.4948 315.2152 1
373.0186 365.9689 1
331.0535 384.2617 1
312.0826 216.3915 1
343.9381 309.2463 1
319.8678 374.2075 1
290.3658 328.0853 1
300.1310 350.3486 1
342.9443 325.4973 1
301.6908 389.7193 1
332.0546 379.5405 1
307.6306 294.2742 1
368.4292 291.3217 1
322.7620 374.4658 1
355.5222 374.5783 1
253.1748 310.9818 1
226.3502 322.7264 1
321.0871 318.1300 1
368.4400 338.7329 1
338.1294 278.0869 1
347.1819 292.7415 1
277.9206 308.0482 1
271.2489 314.0931 1
312.9683 389.3010 1
295.8957 317.4129 1
234.3903 346.9943 1
298.0743 327.0984 1
274.4391 318.3154 1
274.4772 306.7791 1
318.9626 310.1228 1
303.1336 318.2792 1
319.7172 294.5438 1
277.1362 337.7048 1
288.4866 315.4418 1
183.4367 326.2608 1
325.0716 382.0126 1
349.5903 409.9922 1
378.2405 362.1862 1
357.1360 336.6506 1
278.5463 371.3783 1
281.9239 391.4358 1
250.4106 289.9412 1
288.6028 328.8336 1
320.3753 299.1024 1
373.7710 289.9924 1
226.9919 339.8672 1
332.9576 387.9078 1
334.5256 349.7933 1
265.6695 285.1909 1
349.5236 368.2930 1
314.4313 356.7419 1
256.7021 333.5582 1
260.5716 329.0549 1
211.4335 409.8264 1
261.5518 315.3477 1
278.3752 272.1806 1
316.7900 289.1730 1
311.6294 366.0158 1
349.0378 333.9626 1
301.6731 329.4880 1
316.3682 269.9261 1
342.7840 319.3566 1
297.4025 388.6441 1
273.3103 341.8699 1
350.3094 324.5603 1
309.7821 266.7785 1
361.0948 373.6335 1
352.3936 385.9139 1
316.3781 368.7446 1
317.2214 335.0307 1
374.9654 352.4101 1
277.6769 391.5525 1
309.8248 289.8468 1
337.0302 385.8483 1
226.6898 359.1022 1
261.5425 345.3038 1
266.2157 320.1771 1
294.6385 363.4802 1
284.7146 389.9566 1
360.6608 309.7310 1
339.5425 316.5468 1
297.6010 296.8210 1
274.3845 356.7361 1
306.1899 336.3907 1
270.0484 316.8030 1
252.8684 375.0724 1
307.0913 391.9830 1
298.7117 409.8106 1
308.0273 423.2244 1
286.9340 309.3247 1
294.8788 373.2778 1
242.2011 374.0116 1
279.1633 357.9601 1
362.5476 386.0446 1
289.0650 362.8299 1
391.4815 388.3775 1
291.8398 337.5058 1
227.8443 358.5465 1
270.2022 396.2658 1
269.0488 393.4272 1
279.0000 379.5621 1
177.0310 388.3912 1
253.5938 372.4691 1
364.2752 345.7378 1
264.3527 350.3963 1
292.0433 306.9616 1
297.9371 347.3650 1
334.3113 368.4070 1
343.4369 332.2477 1
309.2180 404.2605 1
374.0727 365.1451 1
284.9677 430.0598 1
297.8346 379.3249 1
320.9429 355.2146 1
294.2001 346.1293 1
274.9452 317.5199 1
339.2347 312.6753 1
325.7657 332.3520 1
315.9223 277.8411 1
313.4942 408.5122 1
288.2550 402.4261 1
257.6024 390.0285 1
303.4524 321.7777 1
377.0175 330.2222 1
308.7000 391.5508 1
246.2710 349.5642 1
304.1905 316.1324 1
285.0385 329.0103 1
297.0351 326.9818 1
260.3970 345.0828 1
277.2737 444.2827 1
264.9779 326.9918 1
271.1613 335.6532 1
219.5421 340.9728 1
270.9795 343.7918 1