-385.3450 341.1401 0
-417.8077 291.1049 0
-396.0042 171.0609 0
-370.8379 233.5557 0
-257.2797 403.4677 0
-416.4359 377.0305 0
-366.5467 290.8419 0
-169.2867 202.5764 0
-402.2610 372.4742 0
-192.2903 340.4024 0
-153.9498 206.8774 0
-157.9342 261.0425 0
-235.8357 234.8361 0
-206.0001 190.4291 0
-205.0262 356.8503 0
-218.2183 269.9143 0
-365.0564 271.0096 0
-228.1887 179.1007 0
-257.9989 433.1324 0
-224.8925 292.7112 0
-442.4788 404.7552 0
-367.1515 266.7397 0
-275.6689 336.1582 0
-163.5942 161.8482 0
-348.6575 407.3986 0
-272.0671 337.1883 0
-398.5553 240.5885 0
-166.9153 392.3802 0
-346.9755 322.8375 0
-319.7924 279.0725 0
-305.6506 418.0769 0
-152.5316 271.6761 0
-292.8328 182.6782 0
-249.1960 261.2663 0
-210.0729 324.0754 0
-407.1857 383.4592 0
-190.5858 326.0020 0
-186.5273 262.5033 0
-299.5916 247.3301 0
-347.5553 278.0919 0
-200.2221 231.4212 0
-219.3185 432.2999 0
-229.3493 176.6126 0
-288.9943 274.9305 0
-263.6520 421.1110 0
-272.5126 255.9927 0
-244.0088 413.8729 0
-430.3465 173.1026 0
-196.3496 393.3494 0
-374.3862 213.5830 0
-217.7818 157.7308 0
-336.2686 292.6836 0
-171.1645 309.4050 0
-188.5429 431.0041 0
-246.7690 269.1140 0
-376.3584 329.7963 0
-216.5097 244.7868 0
-368.2080 202.1283 0
-196.0169 340.3246 0
-165.2789 356.2758 0
-273.8237 171.8174 0
-257.4515 386.2804 0
-154.5751 222.0596 0
-349.5947 291.5157 0
-309.5300 258.3192 0
-395.6697 381.1123 0
-293.1461 326.6043 0
-157.3513 333.3313 0
-368.5502 161.3251 0
-190.7220 283.1037 0
-235.3973 251.7624 0
-150.4280 385.4775 0
-249.9069 443.9666 0
-210.8290 412.6506 0
-269.0942 430.5978 0
-221.3770 376.5221 0
-235.8372 177.8842 0
-436.1284 277.1646 0
-339.6546 304.3568 0
-323.5988 228.4826 0
-238.1057 252.6202 0
-256.9290 203.7696 0
-333.1312 349.6869 0
-421.7519 303.7999 0
-150.2776 228.1153 0
-417.9881 290.3933 0
-197.7233 426.4336 0
-222.9044 257.5214 0
-310.6980 162.1603 0
-376.8036 289.2721 0
-260.8502 438.5551 0
-366.8600 397.4088 0
-151.2038 357.9829 0
-350.7157 329.5368 0
-199.4569 179.0845 0
-365.1518 251.8412 0
-376.9317 374.6509 0
-189.8479 411.4393 0
-332.7970 196.2028 0
-195.3072 249.5797 0
-360.8167 159.0216 0
-276.0904 356.4431 0
-153.7441 193.2958 0
-293.5689 369.5745 0
-385.3252 436.8016 0
-398.8493 376.6000 0
-380.1052 377.2272 0
-260.6068 219.2307 0
-304.2303 174.0644 0
-215.7461 325.8154 0
-208.9213 288.0011 0
-219.0608 178.0410 0
-205.3838 280.3215 0
-427.1995 324.6764 0
-359.2919 314.1405 0
-382.1613 404.9563 0
-340.5059 372.7253 0
-267.4073 312.5776 0
-407.7996 205.8428 0
-293.9144 443.7184 0
-442.8373 208.7803 0
-365.4576 324.1562 0
-294.0339 251.9655 0
-349.1689 287.1041 0
-421.4403 182.5120 0
-214.8266 320.9430 0
-396.9243 386.3961 0
-219.1241 367.1755 0
-315.6727 288.8437 0
-226.7660 223.7390 0
-332.8600 431.0504 0
-256.5407 397.2075 0
-330.4219 189.0964 0
-290.7181 224.1840 0
-204.8586 429.1586 0
-395.9837 434.9913 0
-339.8429 275.8774 0
-416.2299 372.1908 0
-154.0058 150.3486 0
-364.7233 185.4384 0
-170.9624 442.2983 0
-435.7792 382.6355 0
-331.0545 410.4739 0
-377.8609 406.7231 0
-400.4512 242.9575 0
-187.8586 310.2054 0
-404.2789 272.1957 0
-232.4968 393.5119 0
-423.6277 205.4997 0
-355.8345 362.4976 0
-354.9210 368.6469 0
-282.0444 206.9542 0
-440.6976 433.3309 0
-332.6083 295.9626 0
-292.8468 315.1889 0
-272.4638 197.4422 0
-382.1197 312.7324 0
-173.5660 228.1653 0
-412.9839 197.8885 0
-433.5158 360.7268 0
-275.6631 288.9252 0
-411.6163 277.1781 0
-394.9626 355.7118 0
-427.6082 304.0009 0
-240.3092 371.7108 0
-389.0299 269.1290 0
-393.3350 164.7089 0
-235.6313 419.5129 0
-224.2677 359.4907 0
-153.2026 423.9229 0
-240.6308 158.1462 0
-338.4504 206.5274 0
-167.4641 211.5036 0
-152.0201 187.4846 0
-160.9097 405.8098 0
-269.5250 267.3469 0
-190.6721 307.5814 0
-271.3901 323.7230 0
-213.8073 216.8634 0
-346.8710 361.8304 0
-392.2360 404.5251 0
-289.7873 266.7061 0
-306.0096 417.4034 0
-292.0330 335.8490 0
-230.1641 168.9543 0
-443.4109 152.3611 0
-209.3293 352.2470 0
-277.5276 184.5691 0
-181.0525 151.3778 0
-195.1617 159.6346 0
-214.4616 205.6155 0
-223.2083 404.9893 0
-273.5931 388.1230 0
-230.0259 409.3134 0
-194.7690 279.8898 0
-415.9681 352.6112 0
-220.1435 443.6841 0
-268.7894 303.6054 0
-229.4007 222.4843 0
-300.9864 331.0923 0
-398.5242 177.8170 0
-274.9643 209.8720 0
-442.4619 401.4594 0
-396.2711 231.4801 0
-390.0598 166.9088 0
-326.2307 200.8140 0
-289.6949 182.3458 0
-176.9713 258.5540 0
-388.3375 368.5009 0
-238.0079 423.8703 0
-218.9334 355.2001 0
-189.8152 152.7396 0
-326.2632 271.2077 0
-253.5315 411.0172 0
-431.1165 197.4692 0
-263.3889 399.0030 0
-296.3795 434.7866 0
-387.9023 387.5829 0
-239.8167 319.1259 0
-212.3081 399.6225 0
-449.4069 228.6178 0
-377.9617 271.1384 0
-445.8130 443.5321 0
-397.5979 232.3475 0
-427.5132 280.3348 0
-212.5122 291.6893 0
-182.4465 193.7098 0
-367.4918 416.4968 0
-420.5493 256.6284 0
-283.6598 336.8722 0
-222.0059 296.6416 0
-340.8389 250.9411 0
-274.3202 259.5647 0
-428.8556 233.3438 0
-369.6139 400.5985 0
-331.6007 382.3806 0
-264.9326 340.2275 0
-197.7951 186.2555 0
-348.6746 288.0667 0
-259.0833 427.3218 0
-328.4878 288.9392 0
-324.2051 288.2574 0
-306.6909 311.9355 0
-414.4869 219.7968 0
-353.4507 429.6416 0
-198.5208 355.6185 0
-402.8872 203.0544 0
-262.1794 299.2191 0
-214.7163 443.4796 0
-170.1841 201.6225 0
-364.0681 213.6030 0
-208.6241 181.9881 0
-177.3107 317.8631 0
-387.7334 385.3038 0
-201.9488 153.0932 0
-393.9474 335.8533 0
-359.8173 389.9438 0
-343.1483 365.8985 0
-170.1996 185.0499 0
-302.0165 280.1216 0
-289.5190 157.1891 0
-413.2695 426.3452 0
-217.7845 221.3873 0
-243.2600 445.8580 0
-420.3352 198.7681 0
-209.0782 399.3772 0
-287.2581 444.0992 0
-219.6359 447.7020 0
-365.2034 327.0584 0
-251.9630 447.8859 0
-290.8695 152.5983 0
-371.6851 328.3497 0
-175.1597 254.7951 0
-299.4243 397.5473 0
-419.3545 285.1109 0
-437.2936 307.4002 0
-182.1814 449.6657 0
-320.2389 273.7715 0
-231.5480 417.6035 0
-423.3017 162.4520 0
-188.5167 412.3064 0
-241.4534 318.0124 0
-224.5380 341.8300 0
-267.3843 157.7046 0
-357.6049 434.2092 0
-409.7665 178.5668 0
-246.7726 197.9198 0
-427.1613 225.9816 0
-426.0281 220.7656 0
-217.6633 428.9850 0
-429.2099 208.9155 0
-424.3309 328.3241 0
-158.1734 301.2398 0
-274.6050 332.2360 0
-343.1617 433.7616 0
-296.1077 258.1767 0
-297.1955 359.1435 0
-180.6205 232.0052 0
-434.0920 272.4912 0
-252.7830 310.0068 0
-340.1812 203.2191 0
-338.9469 279.9896 0
-198.9891 398.5839 0
-336.5296 303.9312 0
-412.5313 163.6359 0
-334.2450 158.3012 0
-335.9996 177.1049 0
-250.4985 297.0609 0
-181.9171 334.3516 0
-304.4260 217.5637 0
-289.2069 261.7586 0
-395.4821 359.7371 0
-200.1277 284.2468 0
-356.7634 252.8833 0
-325.8489 403.0170 0
-194.4638 212.1234 0
-271.4357 273.6139 0
-357.4009 409.9845 0
-219.6382 227.3323 0
-189.2002 275.8860 0
-294.4473 238.5781 0
-212.8216 246.6955 0
-230.5620 241.1690 0
-374.0475 216.6967 0
-189.1990 331.7930 0
-419.7078 373.2615 0
-212.7726 346.1655 0
-170.6670 244.5190 0
-247.6583 243.2866 0
-390.4799 303.6738 0
-338.7849 307.4445 0
-335.6974 292.3074 0
-266.0116 240.2186 0
-376.8250 366.7068 0
-415.3646 182.3923 0
-364.7862 360.9409 0
-178.8234 436.9324 0
-310.5972 217.1465 0
-444.2924 188.7882 0
-179.6497 270.5182 0
-378.5183 395.9565 0
-300.0580 424.0706 0
-312.0896 394.1370 0
-381.5791 150.3931 0
-303.1785 378.4582 0
-446.1734 388.1814 0
-195.3128 348.5752 0
-276.3987 197.8993 0
-362.1304 194.9304 0
-402.9573 373.5450 0
-337.9380 200.7045 0
-348.8376 239.1974 0
-335.2803 177.4990 0
-303.1719 354.6082 0
-341.7747 171.9794 0
-313.7801 443.2109 0
-446.9331 415.6831 0
-401.1792 284.6382 0
-161.1758 279.4820 0
-408.7476 411.8870 0
-361.6622 418.8906 0
-174.3941 247.0176 0
-399.6507 446.7733 0
-255.1920 158.3730 0
-296.0880 355.3917 0
-162.7189 267.8882 0
-161.3927 252.5710 0
-276.0852 441.0246 0
-289.8394 394.9152 0
-304.2128 315.3821 0
-186.8915 231.3886 0
-233.0589 312.2095 0
-314.7674 431.1198 0
-213.2674 218.0195 0
-268.4597 441.3846 0
-301.2841 286.7176 0
-267.7083 386.3564 0
-423.9336 437.3448 0
-437.5769 219.5716 0
-416.5983 281.6655 0
-243.3566 262.6060 0
-378.7038 327.5393 0
-447.9231 281.7919 0
-335.5815 314.0065 0
-172.4995 287.5018 0
-384.5913 184.4562 0
-303.0236 265.0674 0
-231.8721 393.3613 0
-343.5356 223.6322 0
-394.9828 367.6705 0
-322.6300 430.0671 0
-373.1517 278.5045 0
-356.7217 165.9883 0
-365.1966 350.6460 0
-416.8535 202.8789 0
-255.4701 316.8367 0
-438.8860 263.2445 0
-352.6534 282.3547 0
-184.9699 151.0518 0
-182.5234 331.5541 0
-152.6917 402.2513 0
-299.1538 271.2189 0
-315.9335 334.9246 0
-410.8105 162.0099 0
-357.0967 295.2898 0
-330.9562 277.6818 0
-360.1636 333.1875 0
-380.5669 449.5769 0
-350.8604 440.6229 0
-402.2133 341.2414 0
-194.5325 220.3316 0
-412.8049 261.6096 0
-162.5848 181.9389 0
-279.9661 389.8401 0
-324.8899 350.0185 0
-170.1681 421.3796 0
-337.4551 256.6821 0
-421.1642 239.2763 0
-372.5484 270.2467 0
-274.0357 387.4517 0
-351.8710 273.7979 0
-250.9461 348.2342 0
-150.9346 431.1033 0
-262.0584 207.9398 0
-394.2551 166.1699 0
-352.0713 286.3842 0
-225.1929 331.2101 0
-342.7657 231.2084 0
-250.3405 168.6950 0
-443.4806 295.3785 0
-279.3387 245.4816 0
-363.6044 287.2604 0
-156.5580 395.3073 0
-293.0720 278.4777 0
-429.6789 441.5388 0
-404.0599 442.2632 0
-343.5978 287.5917 0
-233.9404 426.8226 0
-315.0752 325.6673 0
-175.9034 408.0974 0
-403.8973 183.0866 0
-413.4050 381.4142 0
-182.5950 368.4947 0
-368.8347 355.7953 0
-240.0033 177.6899 0
-313.3570 419.5048 0
-277.2574 278.9006 0
-234.2130 323.1856 0
-343.0239 345.0103 0
-291.4772 412.4809 0
-310.9830 373.2393 0
-318.5320 382.9952 0
-401.5147 398.0760 0
-180.5140 431.9845 0
-254.5028 413.2151 0
-203.1880 386.0677 0
-349.5735 385.0931 0
-213.3470 281.0495 0
-408.8788 162.4734 0
-406.2144 436.7836 0
-363.2864 339.3482 0
-289.0648 312.2365 0
-310.9799 310.3449 0
-416.4660 403.3992 0
-294.6793 320.0446 0
-359.0914 248.1591 0
-421.4120 282.6490 0
-437.5406 203.8539 0
-345.8365 384.5240 0
-311.1994 238.3966 0
-214.2569 425.6893 0
-241.2176 150.8687 0
-207.1068 257.5973 0
-393.4853 398.7909 0
-399.3196 259.2662 0
-190.3347 432.4041 0
-324.0152 196.7532 0
-361.1999 252.8614 0
-361.5441 269.8839 0
-186.8096 312.0836 0
-250.9564 392.9629 0
-424.9311 210.1858 0
-206.8930 294.9161 0
-335.8436 333.2242 0
-290.5867 424.5374 0
-351.2638 156.5397 0
-204.3300 447.8101 0
-443.0428 386.2029 0
-192.8797 244.8330 0
-316.5918 271.9889 0
-394.3857 160.1833 0
-152.3236 446.9002 0
-384.4369 166.7339 0
-402.7191 196.5685 0
-245.0176 279.7236 0
-443.2206 417.8858 0
-369.4648 275.6400 0
-396.2228 437.9625 0
-164.4978 177.3263 0
-343.5952 406.2589 0
-439.4462 343.5498 0
-158.0523 396.9265 0
-155.2795 443.2047 0
-239.0691 232.1848 0
-240.0602 296.8782 0
-356.0251 420.7229 0
-238.6466 276.5625 0
-441.3460 440.8585 0
-310.0836 203.9661 0
-222.9787 190.6170 0
-203.0537 177.7987 0
-250.7782 299.6791 0
-378.7618 181.4856 0
-173.2157 363.0216 0
-262.6131 346.4891 0
-343.8880 202.0371 0
-340.1397 173.0995 0
-366.8330 243.2191 0
-449.8654 202.5973 0
-430.6535 218.6529 0
-416.2858 185.7897 0
-373.2865 369.4700 0
-320.3790 296.0883 0
-342.2890 317.0927 0
-336.0291 280.1794 0
-285.0786 351.1316 0
-231.8984 303.4880 0
-318.9690 346.6711 0
-429.3628 340.0981 0
-406.5377 370.2676 0
-156.3184 276.4036 0
-294.1461 389.7700 0
-432.1695 427.9497 0
-324.9682 259.4995 0
-164.6440 410.6100 0
-220.4777 204.9128 0
-156.6382 444.0912 0
-180.6510 246.9113 0
-293.7725 332.0601 0
-201.1137 335.3898 0
-302.2810 341.4418 0
-422.2374 350.0304 0
-394.7229 433.2708 0
-404.6306 366.8334 0
-285.0766 284.5083 0
-325.3849 326.5222 0
-295.3187 200.5600 0
-365.1418 385.9694 0
-429.8448 223.1607 0
-375.0079 284.6294 0
-368.2879 448.1697 0
-387.9261 335.6080 0
-324.9811 213.6062 0
-417.8069 443.6328 0
-360.7192 155.6172 0
-264.8065 203.1609 0
-341.6831 378.0725 0
-207.6628 427.3614 0
-243.5221 271.4444 0
-402.1959 176.9132 0
-181.4367 232.7623 0
-237.8201 202.1039 0
-370.5204 319.2998 0
-161.4133 337.1603 0
-411.8447 205.3177 0
-379.2787 153.2363 0
-348.9812 168.3782 0
-368.1053 212.0800 0
-282.6431 424.7542 0
-250.6556 349.9595 0
-341.1504 268.2850 0
-391.8253 186.5330 0
-291.2956 258.7413 0
-202.0403 199.7349 0
-372.9044 416.9816 0
-203.3866 446.7529 0
-352.9916 244.8303 0
-242.5085 247.6336 0
-271.3879 355.1849 0
-334.8875 341.2484 0
-436.4052 392.9669 0
-287.2855 166.0663 0
-239.8201 378.2705 0
-445.7961 402.8818 0
-303.4703 312.6700 0
-408.7147 189.4261 0
-295.0587 343.5243 0
-353.1315 296.0981 0
-312.4957 214.5896 0
-439.7490 172.2639 0
-214.9161 436.4219 0
-403.2067 211.2773 0
-237.8500 227.2499 0
-246.1540 352.2882 0
-356.8180 215.1749 0
-348.1111 425.2082 0
-426.8394 287.0392 0
-426.6011 364.6729 0
-354.0763 227.8306 0
-437.8091 178.6635 0
-328.1454 392.2060 0
-380.4198 323.3299 0
-355.7648 317.0103 0
-409.9816 330.7891 0
-442.5916 308.0626 0
-246.0551 199.4704 0
-275.9835 416.8313 0
-289.0663 325.8212 0
-329.0025 227.8463 0
-237.8572 163.0654 0
-390.0999 324.4183 0
-445.8362 164.1673 0
-271.7335 165.1003 0
-382.0721 254.8190 0
-268.8377 225.5641 0
-393.6113 250.5522 0
-229.0386 387.5887 0
-404.2842 424.5856 0
-411.4102 345.1663 0
-167.5266 320.6807 0
-199.3634 444.1889 0
-293.3299 343.8285 0
-332.2005 314.7540 0
-241.9438 280.0169 0
-290.8993 233.3693 0
-162.0664 279.8339 0
-373.4088 441.7966 0
-161.2437 342.6936 0
-288.5700 311.7468 0
-443.2984 163.5081 0
-160.0873 194.1967 0
-443.9744 255.2913 0
-389.1281 165.2778 0
-172.8876 355.4104 0
-428.6361 277.0368 0
-301.8839 167.8776 0
-426.5155 321.8521 0
-272.7438 326.5175 0
-429.9200 445.8986 0
-345.7856 352.2126 0
-165.4465 383.6851 0
-173.7439 303.3248 0
-251.4349 301.6685 0
-156.4433 431.5349 0
-175.5156 242.6931 0
-204.6893 196.1930 0
-301.3041 359.3221 0
-374.7594 397.0952 0
-212.5432 332.6623 0
-361.6223 377.4408 0
-254.7343 164.1837 0
-173.8236 237.3410 0
-267.7344 421.4784 0
-241.9507 204.0877 0
-157.2539 163.8072 0
-370.4716 171.7009 0
-358.0302 282.3963 0
-291.2852 428.4523 0
-252.1171 419.5994 0
-425.8819 258.6780 0
-231.3722 156.5191 0
-326.3983 239.9174 0
-162.8265 426.1201 0
-281.0983 364.8374 0
-252.4470 428.0841 0
-348.8459 325.9845 0
-424.7794 329.4941 0
-161.6176 189.5172 0
-432.1500 293.9612 0
-423.1371 381.7920 0
-331.7537 263.2736 0
-379.9001 428.2623 0
-168.5746 245.1302 0
-238.5005 278.0718 0
-442.2937 173.6105 0
-214.7897 276.8311 0
-151.5391 163.5538 0
-440.0251 289.7818 0
-356.4193 342.1317 0
-165.3367 449.2818 0
-373.3615 181.2230 0
-445.1880 412.9685 0
-363.6577 274.3697 0
-297.8264 381.4463 0
-167.7282 185.5757 0
-443.4384 388.5811 0
-392.9586 422.9939 0
-165.7327 396.4990 0
-438.8163 320.9989 0
-191.9669 303.6273 0
-283.2780 369.5099 0
-418.4527 374.3679 0
-322.9506 326.5475 0
-163.7965 427.1955 0
-378.0514 211.2947 0
-236.7808 368.3152 0
-164.8086 387.2028 0
-269.6638 367.3292 0
-203.2719 278.0009 0
-276.0595 242.8376 0
-231.8935 335.2990 0
-249.4030 280.4695 0
-417.4800 276.1542 0
-272.6051 205.3967 0
-271.6617 422.3289 0
-225.0604 361.6933 0
-370.4682 303.2564 0
-175.9095 274.2593 0
-357.8769 218.3163 0
-172.7323 233.4878 0
-204.9094 194.9983 0
-383.6445 362.8256 0
-369.3511 350.1532 0
-292.7891 375.4438 0
-360.7716 341.7125 0
-204.3060 364.9147 0
-403.3333 403.7169 0
-272.8794 301.7435 0
-428.9294 299.4402 0
-448.7545 313.8356 0
-187.3889 218.6978 0
-385.0253 418.0256 0
-415.3507 155.7183 0
-266.3302 435.5386 0
-405.6421 328.9756 0
-327.9895 350.2623 0
-191.6756 254.9093 0
-408.3672 345.6708 0
-184.4782 385.5399 0
-440.1486 309.1982 0
-198.3593 279.4977 0
-231.8926 415.1008 0
-428.3423 337.7869 0
-325.2078 244.1048 0
-439.5330 228.5586 0
-158.1330 180.7908 0
-382.3416 338.7733 0
-254.0375 434.5788 0
-369.3636 344.1657 0
-267.5307 281.8907 0
-236.6783 205.5001 0
-434.9756 222.7923 0
-216.0787 437.6577 0
-387.1552 327.6279 0
-201.0023 322.3536 0
-302.5097 195.7092 0
-335.1438 396.2443 0
-378.0129 253.0697 0
-278.2015 192.3281 0
-258.2983 429.4939 0
-258.5102 197.6359 0
-389.6425 277.8292 0
-297.2657 228.1218 0
-418.3682 264.4298 0
-368.6019 405.6847 0
-293.8436 189.4428 0
-334.8357 244.1254 0
-164.7109 159.8109 0
-236.0917 431.2303 0
-237.2983 379.7965 0
-389.9233 295.1725 0
-379.9019 273.6305 0
-446.9498 260.1133 0
-329.6718 348.1016 0
-313.6399 354.2070 0
-298.3857 262.4705 0
-375.0688 291.3406 0
-267.7710 303.8451 0
-387.3370 248.9999 0
-371.9699 204.3051 0
-345.2085 155.5610 0
-375.2489 244.3829 0
-201.8818 262.5193 0
-309.2370 242.7740 0
-333.5148 267.1654 0
-445.8777 183.0712 0
-253.3449 316.8387 0
-199.7901 212.4012 0
-158.2331 441.9423 0
-245.8673 210.8209 0
-237.1110 250.5792 0
-427.6624 429.3600 0
-160.0489 261.2327 0
-152.0659 164.1826 0
-318.9514 434.3663 0
-186.4516 419.4453 0
-394.0982 422.4989 0
-195.8004 296.0347 0
-353.1662 403.1057 0
-232.7364 152.3498 0
-275.6122 322.9917 0
-303.7159 311.1572 0
-224.6222 172.4151 0
-163.3755 248.7442 0
-377.0490 393.7043 0
-395.9952 338.3933 0
-211.3421 183.7525 0
-251.7454 174.3193 0
-341.3186 164.9439 0
-197.2119 229.5740 0
-14.4732 -102.3746 0
300.6994 -173.2652 0
-42.4215 -161.4619 0
-83.8365 -378.3807 0
113.6892 101.5880 0
-261.7859 -169.2462 0
-205.3624 -159.9285 0
-146.3869 -108.8092 0
36.2062 -439.1401 0
-99.7214 -76.0959 0
292.9697 -404.6922 0
6.2100 -245.1757 0
245.4465 -50.5764 0
-132.7471 38.8511 0
284.3912 -434.4476 0
108.6272 -54.9237 0
85.2713 -410.4984 0
-65.3161 -278.4161 0
72.0959 92.9232 0
141.0970 -257.2920 0
-160.6542 -429.3776 0
175.3216 -310.7668 0
-2.0485 -7.6718 0
-147.7602 -334.5639 0
242.3611 -419.8679 0
8.4843 -178.1577 0
-217.0431 -258.1313 0
130.0540 100.0691 0
-164.1062 -136.2515 0
-43.5863 -368.8965 0
-247.0888 -132.6229 0
270.1370 -429.5624 0
12.5064 -5.2737 0
-238.4405 68.9643 0
-182.4977 -186.2835 0
78.6331 -306.8183 0
-250.1049 -357.3034 0
-79.9537 -321.1451 0
-146.7435 39.2590 0
245.0359 97.8837 0
132.8989 -252.3246 0
108.9032 -442.1478 0
30.3581 -121.1323 0
-120.0457 121.6796 0
39.3234 -265.6424 0
18.1444 -171.6586 0
227.2431 -352.7619 0
-123.0572 16.4041 0
10.6264 -35.8114 0
18.4279 -279.6765 0
223.9122 -42.6611 0
-120.5335 41.1315 0
-246.1477 -212.8882 0
4.2787 67.9727 0
-203.4827 -206.9677 0
65.1978 -238.0750 0
-274.3194 -294.4226 0
-114.6211 96.2141 0
132.8156 -310.2155 0
24.9987 -58.6697 0
264.3471 -279.9684 0
-67.5329 -171.3171 0
-216.1938 -91.3068 0
87.7536 -119.3453 0
-287.6516 80.8351 0
228.8999 -388.0792 0
-135.4562 -378.0663 0
45.4031 -322.0934 0
215.3621 -113.4870 0
130.9807 -71.8005 0
-67.6813 -192.5698 0
-264.0127 -439.1628 0
-121.5839 -242.1639 0
255.6562 -241.5656 0
50.4868 92.1363 0
-15.1877 -446.9691 0
24.9470 116.1501 0
158.6006 -376.2797 0
-64.8796 -443.1390 0
-164.5284 85.1954 0
296.1852 -233.9364 0
-131.0031 -320.4531 0
19.5012 127.8683 0
-146.2836 32.4734 0
-60.3483 -286.7395 0
63.0142 -397.4263 0
-21.1770 -412.3505 0
-163.5758 -302.3690 0
281.8097 -339.7595 0
105.3224 -344.9130 0
-278.0272 -305.0842 0
-143.6068 -238.2014 0
211.6470 -443.8404 0
-193.8786 -435.7304 0
-116.1531 -308.8540 0
-270.2214 -318.2952 0
33.3561 -374.0892 0
-270.9012 -291.4036 0
192.2031 -162.0981 0
155.2475 -433.1583 0
-197.3353 -142.5305 0
-206.0329 -71.8661 0
-165.0692 43.4877 0
-18.2506 29.6223 0
160.2771 -186.7894 0
298.0147 -14.4736 0
-203.6996 -351.5410 0
-144.8878 -137.7133 0
295.6479 128.9624 0
22.6102 -150.2139 0
27.6464 -348.3711 0
10.0217 -122.1913 0
-228.9555 -100.9520 0
-9.8864 -72.7968 0
-175.6467 -151.1848 0
106.2988 -410.7971 0
29.6079 66.5088 0
226.4541 59.5457 0
-188.3623 -445.0181 0
195.1348 -319.4307 0
-233.0080 -164.4729 0
-109.0224 -120.0889 0
-247.5165 53.5615 0
1.9086 -262.5451 0
205.1980 -135.3095 0
147.7482 -423.9506 0
308.1930 -419.8968 0
-75.6219 -54.0427 0
-131.0212 -238.4527 0
154.4908 -373.1003 0
227.1125 -193.6793 0
-160.2128 -172.3293 0
-178.5095 -325.1084 0
295.3392 51.8185 0
300.4196 -173.8657 0
105.1879 -244.0574 0
-200.1721 -146.8793 0
301.7851 109.2983 0
-253.0081 -394.6494 0
282.0035 20.6172 0
249.1681 -118.0569 0
-3.8028 -296.5762 0
-220.8174 144.9286 0
30.8507 -248.6387 0
-248.1299 -434.5222 0
153.9817 34.7904 0
270.9732 -356.5400 0
164.9476 -192.8394 0
243.7802 -448.0510 0
237.8725 -12.7437 0
-245.2387 -361.7543 0
91.1497 126.9496 0
-164.5795 -37.1615 0
-154.9728 -74.8543 0
23.1249 -184.2845 0
-121.5709 -324.0250 0
64.5908 -126.0439 0
-90.4226 -242.0041 0
155.2966 -368.4172 0
215.9122 43.2095 0
17.6551 -265.7850 0
102.6232 -254.2448 0
188.7291 -345.9807 0
-275.2616 73.1842 0
114.9858 -413.8548 0
-109.7649 -251.2434 0
45.5525 -368.8232 0
88.3859 -389.3625 0
149.5170 -349.5515 0
171.7745 -357.8431 0
-200.7821 -173.4200 0
94.1076 -340.4769 0
-94.9204 -419.5096 0
-256.5915 -172.1029 0
-63.3039 -172.2908 0
-191.3696 -328.6876 0
239.2469 110.9166 0
294.0865 -129.9080 0
132.6883 -37.8006 0
-285.1671 13.8378 0
265.7979 -234.6648 0
-220.4647 -144.4089 0
214.7668 79.7672 0
-224.7908 85.1251 0
-200.1874 -338.4223 0
43.7772 -203.8181 0
184.5532 -100.7271 0
173.9052 -330.3639 0
115.7711 -239.3757 0
220.3246 -232.8863 0
59.1410 33.1658 0
-233.0016 122.3180 0
-62.7932 99.7542 0
-25.3938 62.7470 0
-158.8008 -241.3086 0
-116.8556 -38.6003 0
212.8806 -104.5998 0
213.0591 116.9945 0
-224.7402 -158.3206 0
15.8826 -107.5065 0
243.0069 -226.7304 0
-11.8179 116.2382 0
-60.0217 -287.7250 0
-43.8803 -278.8914 0
5.1073 -29.4408 0
-58.7455 -330.9097 0
-99.0682 -265.0593 0
198.6678 -196.4493 0
-270.1196 -348.5591 0
237.7747 -65.5159 0
-4.1548 -237.7878 0
-159.7260 34.2117 0
231.1433 -371.7309 0
80.7486 -46.7071 0
307.4146 125.9056 0
-21.2209 -382.0358 0
27.0207 -11.7155 0
116.1925 -274.5033 0
-37.2978 -291.6566 0
92.8920 -279.2919 0
-283.1396 -107.0988 0
-113.4280 -122.4302 0
282.2383 -62.0712 0
-98.3141 -219.6638 0
159.6852 26.5966 0
-191.8223 24.6486 0
-24.6408 -149.2217 0
263.1487 -16.4720 0
187.1170 -13.5493 0
149.7766 110.2314 0
218.3058 -19.7335 0
138.2833 29.4948 0
-241.6946 -351.4384 0
198.6036 57.7249 0
-195.2082 -6.4675 0
167.3614 -348.5640 0
83.1934 -192.6156 0
165.8855 -10.9990 0
-26.2435 -412.8551 0
288.2508 -3.8911 0
-213.5326 51.1048 0
184.3286 -89.7977 0
-38.2940 -347.5408 0
-56.5993 96.6844 0
-142.2108 -313.8198 0
228.6986 -118.5825 0
79.8588 -419.9078 0
99.9290 -7.4261 0
195.3382 -127.2204 0
-288.2295 -197.3869 0
-42.6671 -250.5613 0
-115.8264 -92.8162 0
-152.7941 -197.3295 0
68.0902 29.2656 0
-60.2828 84.6916 0
300.8376 46.9739 0
-75.7506 -42.2786 0
-84.1834 -191.7984 0
-69.8209 87.3958 0
-220.7928 98.7127 0
167.6087 -8.5548 0
33.8723 34.1675 0
132.6784 -109.8412 0
-211.5875 -320.5904 0
-268.4199 -378.5618 0
-54.2987 -234.3836 0
197.7357 -89.2532 0
135.0650 4.2323 0
-49.2400 -367.1967 0
162.9046 34.5318 0
248.9574 -372.9988 0
150.7068 -228.0566 0
-1.7057 43.4394 0
114.7196 -415.5809 0
81.8184 -199.4668 0
-83.4539 -41.1566 0
-282.5621 -50.7292 0
-31.0523 -303.9403 0
172.6419 16.6836 0
-194.3002 15.9436 0
-186.0308 -295.9517 0
157.5516 -144.3706 0
-54.8782 -178.1535 0
216.4197 -419.3863 0
251.9135 -176.6558 0
-119.3097 5.9354 0
249.7025 -47.9147 0
-288.6587 -327.3677 0
-47.3019 -70.8379 0
-119.8869 -69.0959 0
-128.1940 17.5481 0
-163.3534 58.3447 0
-137.8370 -215.2455 0
182.9713 70.0515 0
241.9014 -57.7424 0
-109.7520 -316.3401 0
63.7545 -53.8401 0
82.9722 -235.4368 0
280.9226 55.7062 0
-180.9547 123.2155 0
149.5897 -171.4026 0
-137.3110 108.8210 0
296.8621 -39.0259 0
-24.3608 -436.7152 0
-217.5257 -438.9274 0
161.6378 134.1677 0
-95.2939 25.4153 0
236.2455 -426.1410 0
16.0743 107.2420 0
262.7919 -124.6360 0
251.7840 132.6299 0
133.4221 -83.2755 0
-71.2017 121.5261 0
266.1732 -143.1433 0
-170.2331 -243.8423 0
-242.0811 -427.2341 0
249.2863 -435.1470 0
27.4062 -33.9438 0
35.4163 -184.1169 0
-288.9849 -58.7831 0
-103.5345 -57.1277 0
-185.9072 98.9614 0
-226.2469 -215.9010 0
-246.3379 -398.6572 0
-230.8194 -29.2047 0
63.3108 -402.6514 0
-225.5976 -367.2931 0
211.9902 99.8592 0
-7.4665 -318.6299 0
275.8174 138.1778 0
19.6032 -323.3398 0
-164.2803 -405.1498 0
173.4135 -150.7249 0
19.4966 -183.1171 0
17.3679 -56.3261 0
238.9139 -420.6834 0
147.5457 -161.0068 0
104.5703 -242.7168 0
-74.0331 -217.0543 0
256.9272 -210.3340 0
-255.9803 -372.2303 0
-161.7986 -129.6723 0
159.3499 -180.9795 0
-91.1273 -394.4986 0
12.7632 149.4963 0
-204.4565 -339.7782 0
-233.3758 0.6397 0
196.5601 -416.7560 0
-281.9795 90.1358 0
-86.1256 92.6369 0
-3.7958 -194.1822 0
191.6520 -93.1794 0
104.7851 -274.8686 0
-130.7603 30.0594 0
-58.7833 -188.7056 0
243.8342 -171.2596 0
-27.4716 -93.2484 0
-210.3575 -260.2403 0
-168.3886 -28.2947 0
-249.8079 30.1038 0
90.5007 102.9668 0
30.1733 -376.5274 0
259.2996 -343.9823 0
129.2760 15.9145 0
266.6121 -418.0758 0
294.9275 -256.1160 0
-45.5838 -160.4305 0
-55.0698 -290.1926 0
-121.7516 44.1287 0
14.9287 -136.9424 0
-14.8186 142.7561 0
-85.2689 -438.3626 0
-48.8018 -431.0626 0
-191.6811 -240.2197 0
17.9709 -241.1823 0
-227.2723 -92.9575 0
-64.0521 78.3065 0
141.4068 -310.9314 0
165.6285 -188.6802 0
92.9500 74.0700 0
-73.1514 -443.5362 0
55.1679 110.4868 0
-125.8323 9.3625 0
-161.1189 -320.8947 0
-140.0569 -375.2178 0
-19.0314 58.5637 0
222.9370 -290.5130 0
91.7615 -336.6121 0
202.3622 -119.9139 0
9.9025 -194.0840 0
-105.7692 -116.5825 0
-258.7756 -251.2196 0
-242.4781 -263.1180 0
267.3449 -147.7827 0
19.9730 139.8462 0
-7.7201 -200.7468 0
0.4256 -95.9611 0
93.2599 -197.2298 0
116.9610 -196.8283 0
185.1469 -196.8783 0
-65.0968 -439.0437 0
-156.2244 -162.8412 0
253.4553 -370.3906 0
269.7888 -63.3305 0
138.1751 -377.3574 0
-157.7788 -221.7903 0
-94.3220 -287.3211 0
-26.2529 -372.0837 0
-39.4618 -377.6303 0
-286.2675 -436.5537 0
300.4092 50.8970 0
122.0535 -392.4681 0
-246.0065 -317.0784 0
282.1393 -38.2643 0
-195.5092 -19.9961 0
221.9476 -383.8753 0
288.8132 -184.8710 0
93.4493 -203.6759 0
-195.5143 -40.7031 0
202.7317 -445.4386 0
-1.8591 98.6569 0
146.0013 22.4308 0
-261.4370 -269.1431 0
-280.0367 -107.0446 0
-39.7118 -357.4359 0
5.7784 -313.5999 0
199.3563 6.1537 0
49.3555 91.5466 0
83.5795 -16.6599 0
299.3790 -39.3913 0
307.6436 136.3001 0
-279.6771 -260.8662 0
105.8038 -447.4325 0
-184.2943 -69.8366 0
58.1540 121.0273 0
-22.7951 -415.9576 0
193.5691 -101.5425 0
41.3372 122.7678 0
-166.5542 -300.5591 0
217.7558 -372.6214 0
17.0928 -296.7444 0
106.4129 -85.4187 0
150.7277 -14.1422 0
221.1085 -13.8095 0
-38.8934 76.2662 0
78.9288 64.6068 0
228.3790 -379.5801 0
162.7705 -235.0372 0
-12.0377 -105.6574 0
249.5115 40.3705 0
18.6682 -5.0155 0
157.5226 -66.9201 0
39.6692 -358.7517 0
-116.6617 -164.0029 0
-101.0776 148.2250 0
36.5523 87.1415 0
218.7407 -324.2237 0
133.6952 127.0855 0
-200.8652 -441.9254 0
-285.1718 33.3698 0
-80.8397 -402.5393 0
31.3614 -394.9141 0
-127.5223 -414.5065 0
-44.9910 20.1727 0
-125.4341 -89.1162 0
-272.5741 -52.9350 0
243.7447 78.5456 0
-144.5404 -118.6121 0
-288.8960 -169.8332 0
-196.8585 -309.4761 0
140.6818 -290.6217 0
44.7461 -390.8120 0
-139.4199 -333.4988 0
26.5410 -48.2257 0
-213.7632 -137.2426 0
-287.8766 -235.8893 0
-66.5445 -131.9468 0
-217.5073 -180.4405 0
-25.3454 -80.1616 0
63.7438 -322.4265 0
-17.5630 -169.2355 0
147.6567 -18.2914 0
298.9007 106.3962 0
-178.1620 51.7856 0
194.7704 2.6009 0
89.1057 -14.0100 0
167.6037 -228.0092 0
-49.0823 -225.2321 0
40.3813 -59.6212 0
-28.8765 -166.2069 0
-131.0909 -255.4280 0
-48.5487 -355.1122 0
93.1877 33.9428 0
70.3626 -373.8440 0
-210.9954 101.4982 0
-76.7893 27.4196 0
-275.7248 -179.2167 0
307.4206 -186.9092 0
11.7194 -280.1527 0
181.4865 -6.7841 0
136.0150 -281.9560 0
217.6254 21.4542 0
-0.9244 -151.3112 0
143.6923 -195.4185 0
256.9780 -388.8823 0
-34.1636 -29.0299 0
-257.5210 123.5703 0
65.0915 -290.7816 0
292.4591 -397.2411 0
-130.1517 -413.9711 0
186.6511 6.2289 0
-232.4866 -332.6075 0
24.6667 -367.6116 0
87.9873 -2.4720 0
244.3967 -351.5921 0
227.6238 65.9461 0
-116.7364 20.8626 0
-92.7804 -291.5452 0
182.8508 -285.7505 0
-176.9030 -18.0878 0
-169.2968 -378.1311 0
-266.1107 -443.3100 0
-91.8716 -269.2802 0
-259.2613 9.3824 0
-114.4053 -19.2635 0
-267.4272 -372.4103 0
70.4325 -436.6622 0
194.7007 -418.8636 0
47.1941 -283.1495 0
258.4834 -39.3649 0
-221.1059 -212.8103 0
43.6801 -302.8689 0
-38.1282 -424.6431 0
54.3989 138.0777 0
-39.0047 -124.9456 0
42.0262 7.8249 0
-140.0643 132.1836 0
-96.3969 -273.4620 0
-194.5699 -197.3595 0
-0.2700 -147.5079 0
-177.4288 -166.5980 0
119.0920 71.8546 0
-41.0702 -258.6170 0
-133.5071 -305.2244 0
-252.9345 74.2084 0
-152.5395 -194.5113 0
-25.6872 96.6286 0
-141.1345 -235.2634 0
-63.4540 25.0766 0
179.2128 -28.2182 0
240.7264 -322.0522 0
208.2606 129.7688 0
74.0833 -284.8767 0
-241.7912 8.8720 0
-191.9453 -250.2161 0
-235.3453 106.5635 0
-11.1949 -41.6600 0
292.2231 -413.9678 0
77.3455 -341.4503 0
-22.8254 -19.2600 0
274.5125 136.3137 0
-249.1250 36.8890 0
135.1710 -440.5694 0
166.2416 -289.4611 0
308.0685 -353.8729 0
112.2897 -77.8179 0
127.4010 -351.4836 0
-77.8401 -28.3850 0
103.4593 1.7481 0
73.0497 -281.5067 0
307.8593 -151.7451 0
245.8834 65.5851 0
169.2050 -94.3024 0
-80.5831 -304.4495 0
-135.3053 -77.7214 0
16.1149 -257.3775 0
-240.3915 -23.4991 0
-240.1035 -182.6300 0
-144.6425 -417.7213 0
-34.0919 110.8623 0
56.2325 -215.0906 0
72.3433 -52.7267 0
-96.8155 10.8387 0
-285.5611 -29.9727 0
232.8742 111.1080 0
-217.9734 -343.4463 0
-3.1813 88.5077 0
-217.8253 -31.9345 0
-117.7941 -176.9808 0
228.7000 -412.9957 0
-96.2630 -334.8918 0
-201.2662 137.9209 0
-63.6434 -108.3858 0
271.8896 -361.0325 0
68.9542 -287.8129 0
-159.9632 -421.7494 0
-56.4817 -33.9290 0
30.8040 -265.6885 0
-1.5544 -175.0510 0
186.8201 -49.2849 0
-109.1644 -366.3310 0
-71.0109 85.9568 0
-13.6162 106.5305 0
-184.8908 -339.7857 0
38.3099 -313.4795 0
-188.3994 -44.1517 0
-288.5905 -5.8206 0
-45.8195 42.8135 0
-55.9006 -92.3904 0
58.5915 -152.9662 0
3.2037 -28.1824 0
231.5949 -130.6600 0
-97.3063 -166.4566 0
254.5329 -75.9454 0
-199.4407 -270.8614 0
210.2972 4.3515 0
49.4622 -211.4390 0
-151.7859 -132.7654 0
226.3932 -352.0449 0
93.3028 -323.7661 0
-209.2322 -250.4895 0
-122.6711 138.6304 0
256.3108 -376.8885 0
153.6448 -10.1120 0
145.7505 -176.9348 0
254.0212 -198.0272 0
62.6309 -96.5930 0
196.0196 70.5282 0
-114.8992 -404.8666 0
-92.0623 -137.7693 0
-176.0319 86.6762 0
181.4154 -181.1019 0
52.1576 -27.9551 0
-104.9359 -424.0220 0
-126.3231 34.4864 0
-246.6334 28.8914 0
-64.9891 -60.4710 0
-181.7538 147.1619 0
297.4988 -289.5362 0
-284.2149 -29.0700 0
30.8290 -18.9460 0
179.9553 -291.9109 0
-171.9989 -139.4234 0
-124.5838 -409.7559 0
-14.7302 62.7974 0
-253.2444 -189.1250 0
87.1772 -283.7373 0
-152.7106 -127.2916 0
24.9384 -443.7269 0
183.6415 -107.7143 0
51.7311 -340.0744 0
-79.4069 78.6415 0
-238.2295 -143.6836 0
246.3194 -76.0492 0
-25.4971 -264.2933 0
-95.6050 19.0195 0
-122.8722 135.1898 0
-58.0300 24.1966 0
-85.7067 -330.7603 0
309.7898 -3.5366 0
-178.7051 -74.6798 0
-62.1926 131.7846 0
179.6441 -274.4264 0
-27.2444 1.0745 0
194.1665 -199.9048 0
-209.2317 112.1560 0
-30.7749 -174.2936 0
1.9099 -391.3716 0
-102.3076 29.0794 0
-262.6411 118.0558 0
255.9554 -373.6629 0
282.3514 -310.5958 0
194.9818 -242.3516 0
-162.6518 -256.7394 0
-18.4012 -312.7576 0
-57.5936 -338.5605 0
99.6664 98.1450 0
-13.3972 -29.5458 0
-57.8232 83.5220 0
-191.1914 -117.7027 0
129.8489 -291.2883 0
169.2466 42.3212 0
38.6536 -138.4041 0
138.1052 -373.5867 0
220.7395 -128.2327 0
-184.6272 -246.0151 0
-112.7024 104.7721 0
-9.3021 -296.1921 0
-130.3648 93.7207 0
302.3080 -292.8651 0
-137.0405 -308.7912 0
68.7896 -338.3665 0
-234.9942 40.6217 0
-210.8978 -77.7006 0
294.5175 -358.2310 0
81.7368 -285.0904 0
110.4593 58.9669 0
-106.3406 -140.9289 0
-286.2168 -119.3560 0
195.4950 -142.3419 0
200.3878 56.7333 0
127.6038 -151.5376 0
-235.4549 84.0983 0
272.5926 -96.2162 0
81.8032 -37.5369 0
-106.6587 -437.5634 0
134.7682 -89.9833 0
-213.1167 -267.4636 0
21.0648 74.2486 0
260.3967 -386.4888 0
173.8253 -57.1856 0
206.4131 52.5439 0
161.8702 -333.2125 0
280.4096 -165.1884 0
-120.4811 -136.5826 0
-201.8769 -34.5757 0
-235.1332 11.4615 0
68.7292 101.6500 0
-142.3755 -106.5510 0
68.8785 -308.6967 0
181.1123 -388.0393 0
26.7936 -1.1264 0
45.6988 -228.8041 0
229.7164 26.9075 0
80.3242 -276.2587 0
54.1955 -313.3311 0
304.1232 -183.6277 0
-0.0124 -93.8330 0
34.6526 -440.0647 0
56.3234 83.8791 0
-267.5617 -63.5006 0
-41.3152 -70.8760 0
156.7904 -373.9054 0
-258.9228 -406.9975 0
-150.4844 -131.9822 0
-143.9595 114.0199 0
207.8458 98.0828 0
166.0372 -430.6604 0
276.1230 -281.1117 0
117.5785 -249.2429 0
22.7360 -317.8537 0
-258.8363 -210.1620 0
29.1588 -380.3959 0
175.2046 -98.8420 0
234.0004 -187.7693 0
99.6482 -262.9403 0
298.5279 -332.8681 0
-157.7467 -151.1046 0
300.0262 91.0098 0
-61.1908 -403.9914 0
-46.9335 -217.3340 0
-281.9258 -335.4691 0
216.5043 -164.9159 0
-68.6839 -366.9723 0
97.6393 -27.7273 0
-109.6046 -248.7675 0
173.3592 56.6566 0
25.3333 -53.3230 0
15.2592 149.5437 0
-212.9955 -251.8468 0
166.5380 -155.1398 0
-112.7405 -135.6402 0
228.6881 -147.4913 0
-31.5911 33.7530 0
-18.0377 -105.0136 0
-100.2321 -386.4999 0
-34.1517 -259.9285 0
-185.9609 -65.3547 0
-31.5069 -443.7751 0
204.0457 48.1801 0
97.7209 -289.5147 0
-233.9237 -123.5096 0
-147.8161 -57.0475 0
-211.8742 -272.4043 0
-162.6635 15.4017 0
-29.1579 -396.2564 0
118.2693 53.9131 0
33.5953 -135.4581 0
-90.8151 -99.8301 0
-194.1801 -38.9068 0
135.7485 -341.9129 0
178.2081 24.7774 0
181.8674 112.5348 0
191.9332 94.6348 0
-29.1812 -10.1861 0
-113.1977 89.0903 0
6.7750 -145.4675 0
-176.0927 -186.2307 0
-107.4062 -449.2887 0
-98.8770 -309.0137 0
258.9887 -395.1082 0
-122.7666 18.7270 0
127.9248 -187.1689 0
229.8327 -240.3562 0
-52.8173 -21.4167 0
18.6371 -163.4965 0
117.2799 -447.2265 0
161.5563 -159.3273 0
49.0182 124.6467 0
225.9095 -118.1058 0
363.0163 475.4782 1
237.0998 230.3863 1
376.1765 255.2830 1
367.9068 240.8499 1
412.8125 366.5019 1
378.1417 390.0786 1
376.4169 328.4867 1
336.4865 374.7749 1
329.9828 462.9415 1
279.8981 241.8980 1
405.1818 242.2667 1
207.0797 201.5254 1
312.2283 223.6594 1
301.8670 271.3033 1
250.7235 474.6257 1
161.6389 419.1843 1
273.7264 466.8345 1
437.1927 257.2587 1
355.2841 474.6904 1
405.9007 403.6083 1
328.9224 420.6284 1
351.4863 370.7678 1
432.7667 410.2500 1
264.9252 269.7230 1
299.2493 337.1568 1
308.0002 473.6483 1
372.4860 298.6846 1
392.0521 484.1613 1
361.5515 270.3296 1
374.3864 290.1119 1
324.0686 329.7202 1
417.3625 326.1076 1
325.8947 280.6385 1
153.2573 226.3389 1
237.0096 387.6214 1
404.2175 340.0532 1
267.0419 484.0624 1
349.0882 386.9437 1
150.4675 478.3812 1
303.7691 312.2029 1
323.6907 352.9489 1
212.6248 457.1718 1
180.9667 362.7560 1
420.6034 419.0463 1
366.9443 380.5876 1
289.7368 412.8341 1
369.8831 215.2233 1
303.9338 460.0341 1
218.9749 217.9922 1
365.4949 292.6235 1
240.1475 290.2070 1
191.0883 334.6251 1
434.7240 213.3286 1
257.6088 400.7978 1
359.0608 483.4133 1
200.2322 342.5591 1
181.1430 293.5488 1
309.2908 352.4217 1
315.7567 269.2765 1
443.7017 234.0240 1
332.2403 293.0828 1
208.7513 298.3976 1
445.6484 474.0848 1
303.1118 368.9128 1
401.4019 485.7620 1
439.5563 389.6186 1
433.3501 449.6587 1
224.5394 370.0930 1
327.7604 436.1262 1
227.7987 499.8025 1
312.1768 253.9150 1
406.3735 303.9465 1
293.9624 494.9733 1
314.8189 478.0862 1
257.4288 337.4922 1
185.9737 253.6193 1
309.8806 263.4172 1
396.5605 343.2882 1
366.4520 476.4710 1
186.9476 295.5786 1
228.3845 357.7287 1
243.8237 453.8778 1
248.7005 235.8485 1
184.3378 328.5641 1
369.2987 246.7342 1
392.0476 324.3253 1
169.6044 334.9811 1
317.9717 491.6479 1
402.3313 487.7086 1
397.4643 282.1651 1
179.1199 280.6172 1
302.2455 247.8573 1
286.5665 369.0244 1
360.6970 332.3338 1
164.2656 419.4606 1
247.5536 215.7316 1
223.7157 285.6592 1
379.9143 405.1056 1
223.9824 391.6413 1
207.3087 426.1457 1
341.1910 297.3617 1
202.6899 239.8095 1
177.7736 241.4081 1
182.4740 443.1738 1
392.3258 425.8387 1
203.5018 416.4550 1
284.9159 296.1768 1
340.8940 409.0786 1
254.0952 466.0580 1
433.8637 280.1129 1
247.0450 232.6535 1
398.8617 311.8422 1
264.2310 217.7577 1
160.3130 425.1856 1
288.0123 271.8004 1
351.1277 393.9948 1
182.3050 326.9983 1
269.9451 399.1993 1
157.4258 366.9357 1
160.3420 445.0999 1
296.9927 316.7350 1
317.3920 419.6808 1
388.3428 487.7331 1
218.9924 342.2405 1
432.2169 320.5355 1
347.4540 230.1040 1
438.2307 295.3434 1
443.5770 374.8918 1
447.0588 470.3772 1
425.3861 349.7298 1
434.7817 301.1670 1
256.2246 390.9834 1
159.0079 212.4283 1
225.4791 371.1847 1
150.7578 228.0251 1
337.3770 288.7191 1
209.4709 300.3114 1
249.4579 329.6871 1
372.8462 254.1519 1
335.8302 442.3907 1
280.7644 357.5919 1
187.9748 427.5905 1
159.5468 475.9925 1
343.4739 465.3708 1
399.4551 258.1814 1
377.7585 445.0815 1
226.0068 349.6562 1
392.0878 455.3329 1
430.3184 398.7990 1
216.8040 481.7197 1
264.4595 468.4166 1
154.4735 497.5842 1
179.0317 447.0729 1
434.4777 498.2244 1
439.8479 433.4707 1
289.0886 423.4750 1
218.2756 251.7446 1
249.7882 489.4663 1
420.3889 427.6457 1
375.5549 336.5365 1
290.3161 291.1253 1
380.2395 275.7267 1
347.9346 332.5199 1
342.0158 404.4986 1
375.5864 302.5355 1
201.5728 259.8353 1
343.0021 256.4020 1
190.9860 407.7458 1
352.2008 465.5262 1
334.7430 416.8540 1
379.7142 327.3006 1
444.9091 295.0197 1
202.3955 209.7776 1
442.0167 391.6276 1
274.7358 471.4051 1
225.3487 288.2809 1
203.9355 249.9940 1
336.4315 445.9532 1
372.8524 389.0336 1
352.0944 486.4238 1
441.3777 440.8744 1
190.4965 250.0450 1
166.7864 200.8953 1
231.1099 308.0683 1
150.9785 429.6373 1
384.6443 413.7805 1
172.7557 213.6893 1
189.5851 208.2640 1
430.8987 460.5648 1
215.0776 426.4381 1
253.6597 465.9633 1
190.1102 246.1062 1
386.3643 472.0886 1
258.0817 322.5394 1
344.4146 274.4535 1
174.4141 346.7411 1
217.8158 379.9424 1
410.1558 281.1746 1
227.2386 277.9313 1
275.6568 472.4742 1
161.3598 218.6994 1
409.0554 252.0208 1
442.5137 206.5448 1
200.8820 232.2198 1
264.2598 329.8323 1
346.2632 308.3425 1
274.0169 263.6664 1
219.5171 248.7339 1
328.9678 333.4408 1
334.1080 241.5004 1
364.2244 455.2868 1
276.5059 410.7670 1
344.7777 389.9440 1
203.5882 329.6790 1
189.7006 310.9437 1
186.3225 356.2576 1
388.6813 209.9351 1
172.5301 391.3560 1
382.4958 456.3279 1
390.6250 361.3794 1
280.1770 225.3254 1
239.7000 365.9120 1
294.2705 376.6871 1
336.4098 225.2885 1
351.9895 482.9772 1
328.7939 288.2759 1
309.1131 400.1531 1
370.2677 328.3609 1
241.4138 384.7262 1
319.7508 362.9399 1
200.2589 239.5434 1
432.3383 468.2258 1
364.8169 272.9579 1
357.4945 477.1575 1
423.7158 491.9722 1
170.7499 262.5549 1
169.3261 306.8409 1
447.4389 379.3470 1
331.8558 357.0197 1
195.4460 230.4897 1
439.9587 468.5384 1
377.1272 425.8727 1
184.0319 358.1681 1
439.0075 415.9423 1
389.9569 419.1612 1
214.5031 301.7432 1
398.5801 448.2803 1
431.0540 415.4838 1
249.8389 236.5902 1
235.0269 392.8552 1
228.8102 311.6220 1
358.0942 266.9310 1
353.1249 248.1946 1
308.0354 226.6915 1
190.0481 320.9402 1
274.1350 285.1390 1
322.7062 447.0757 1
248.3092 461.5511 1
220.1530 444.2214 1
327.9960 386.9222 1
238.8174 290.3749 1
361.3939 424.3746 1
154.6567 234.7212 1
187.8418 283.5342 1
333.5557 379.5444 1
431.9337 219.8995 1
313.9041 389.0344 1
215.2720 223.1015 1
218.6348 394.8832 1
368.2252 467.9013 1
224.9958 298.1731 1
265.8913 375.0723 1
203.9194 486.0824 1
345.3665 404.7593 1
388.1349 415.7221 1
315.3633 475.3832 1
239.8267 427.2902 1
386.3026 466.0517 1
445.1808 261.7054 1
367.1609 345.3561 1
398.8748 204.1820 1
261.4514 479.3488 1
237.9125 264.9032 1
272.2037 358.0776 1
303.9505 269.6973 1
330.2227 481.2732 1
181.5074 267.7488 1
218.2254 464.4052 1
319.1244 324.7075 1
441.6875 368.2622 1
388.4962 384.8206 1
296.2918 229.1300 1
441.6489 205.9852 1
443.9617 387.8535 1
182.4053 393.7518 1
276.3672 208.7520 1
177.5213 288.9042 1
169.6983 218.2495 1
223.4685 479.3288 1
418.8585 214.5264 1
234.8498 352.0348 1
304.5302 230.5305 1
389.0043 348.7371 1
343.7055 372.5398 1
407.3374 234.6459 1
340.3665 334.0999 1
413.3760 393.8604 1
391.4887 432.8701 1
204.2652 385.6144 1
391.7542 371.6738 1
385.3143 398.1986 1
155.5279 253.5292 1
189.0546 240.0311 1
283.4492 274.0941 1
224.7879 339.0211 1
308.7841 452.9131 1
441.0102 356.6814 1
223.5031 269.2910 1
192.1314 279.2356 1
295.9838 277.3630 1
233.3425 490.1295 1
446.6913 240.0625 1
358.8056 244.2804 1
382.9999 239.7357 1
215.1629 472.3020 1
190.5798 285.0243 1
308.3169 238.1901 1
202.3835 483.6309 1
336.2072 325.2433 1
228.3205 402.0824 1
172.5336 355.7519 1
353.0171 348.8498 1
393.5104 203.5196 1
384.6707 442.9270 1
316.3173 208.1076 1
193.1330 358.9700 1
337.7874 278.8409 1
408.4803 456.5480 1
209.7356 485.7027 1
276.2450 462.2433 1
175.3227 351.0803 1
307.6582 381.0992 1
207.9972 487.7625 1
439.2703 355.7654 1
350.2243 336.6846 1
335.0281 351.4905 1
420.9787 440.0359 1
325.0271 442.2894 1
158.8036 436.0324 1
413.3841 321.5666 1
345.6733 359.9819 1
173.3404 386.0969 1
445.4958 427.8234 1
290.7128 300.4682 1
226.6468 323.3575 1
276.9142 458.9171 1
239.6351 200.1273 1
188.4443 407.9818 1
373.5247 274.6095 1
428.7106 200.8741 1
213.6785 261.3134 1
269.2042 373.2183 1
288.1700 433.5442 1
217.7361 262.6148 1
290.3369 344.9684 1
327.0150 414.5340 1
377.0728 213.3579 1
261.7789 356.5479 1
227.4780 391.7369 1
351.5482 212.6350 1
197.9671 393.8723 1
199.2207 335.1639 1
413.3881 291.8231 1
358.7901 343.3578 1
365.2776 289.9665 1
417.7401 383.0491 1
270.6818 338.3783 1
404.1057 376.4199 1
257.1362 290.4671 1
333.9300 442.9424 1
350.2713 464.2888 1
348.3640 316.0377 1
332.2233 265.6464 1
392.5423 271.0014 1
402.7141 398.9120 1
261.6380 236.3227 1
227.8181 491.7286 1
180.4333 316.3496 1
249.6010 335.9727 1
272.4569 355.7724 1
240.4478 252.5142 1
382.8530 450.6770 1
238.4194 317.9823 1
155.5772 259.6435 1
259.3766 313.2458 1
215.1099 467.0384 1
390.4729 272.6709 1
191.4105 266.0306 1
411.7039 316.0024 1
271.3628 443.9036 1
353.0272 291.7751 1
262.4049 406.2566 1
226.7737 321.7550 1
209.7187 332.8734 1
349.6758 347.9495 1
434.0677 326.2130 1
373.3559 475.9583 1
256.8204 359.9966 1
182.8752 209.7017 1
257.4816 469.8883 1
426.1142 207.6952 1
294.9682 299.2093 1
195.8728 354.8521 1
421.1431 262.0803 1
422.3081 319.2728 1
427.0896 261.4385 1
210.9869 330.2785 1
387.0020 414.6762 1
445.5974 429.6962 1
288.4983 466.7467 1
416.1365 392.4001 1
185.1490 275.3224 1
162.5944 363.4614 1
217.7231 290.3262 1
300.8995 464.7769 1
302.1706 340.9867 1
449.6439 240.4685 1
251.6053 334.1070 1
415.1845 235.6629 1
407.1449 478.2407 1
359.9366 428.5911 1
164.1459 448.5854 1
443.4291 491.2957 1
275.9460 328.3542 1
426.7692 481.6534 1
430.4964 381.1109 1
370.7872 425.3547 1
433.3130 310.9807 1
291.7046 373.5218 1
283.1692 340.8470 1
294.6221 323.9643 1
197.2072 450.0527 1
265.0035 299.8488 1
421.3854 493.9407 1
423.1172 472.0800 1
225.3587 255.4269 1
160.4579 270.6808 1
176.1235 367.7503 1
432.5944 322.7221 1
449.1658 271.8200 1
383.6309 498.2107 1
337.2866 427.3679 1
415.4813 228.6351 1
325.9837 456.4771 1
242.1556 457.1405 1
330.3371 427.4958 1
431.5865 384.3559 1
215.8180 351.0784 1
443.1921 335.2509 1
225.6077 478.2706 1
286.5230 240.0523 1
379.1865 234.0296 1
338.6298 385.6812 1
256.8982 286.8091 1
209.8758 212.5333 1
356.0129 312.3150 1
196.0519 446.0434 1
328.6437 389.8940 1
201.1307 371.3354 1
378.0993 421.1599 1
231.3733 296.0963 1
364.8271 219.5687 1
446.7010 308.7644 1
200.4219 300.8175 1
391.0871 480.8110 1
283.8811 364.0363 1
208.0426 384.1328 1
231.8110 370.9951 1
254.1808 464.8277 1
404.4340 417.9221 1
287.3306 440.1406 1
212.3692 439.0590 1
394.6661 374.9566 1
303.8374 424.4450 1
334.4180 436.9250 1
343.5595 213.8291 1
389.6897 410.1566 1
261.2954 309.9102 1
214.6621 481.0283 1
191.7745 317.8160 1
385.0693 382.4545 1
374.9512 367.2412 1
194.6606 418.1964 1
213.5354 494.5580 1
169.0311 257.9757 1
398.2165 252.3450 1
337.2917 242.4168 1
248.0136 363.9062 1
309.8095 268.4132 1
221.0492 421.0023 1
446.3785 334.3480 1
399.1865 241.3011 1
218.5375 202.8500 1
333.7601 273.1063 1
173.3306 463.7397 1
296.3722 406.3730 1
244.8991 471.0151 1
293.3244 261.5459 1
387.7009 202.3182 1
445.4372 375.3512 1
221.6299 329.8120 1
235.2025 336.1193 1
445.1019 222.3410 1
405.7150 282.0408 1
194.2676 457.9140 1
168.4201 453.5370 1
155.4190 249.4106 1
151.7726 442.0024 1
403.8600 262.9297 1
180.5704 468.0783 1
245.5072 344.9845 1
398.6888 472.8874 1
250.6360 420.6503 1
322.8629 361.9276 1
154.7328 358.5869 1
266.5716 362.7181 1
150.4881 204.3623 1
154.2517 380.1954 1
310.7913 379.9734 1
389.7119 288.1895 1
446.4722 298.7533 1
237.2672 330.0857 1
246.0641 210.5665 1
413.0424 344.3695 1
273.4147 419.8624 1
307.3634 482.3136 1
382.3813 404.3571 1
313.9292 349.6780 1
324.7616 231.8802 1
210.7633 344.1571 1
418.2825 386.9770 1
319.4787 426.8131 1
316.9219 465.4677 1
228.7006 383.8380 1
157.3153 350.1522 1
425.2724 491.0479 1
306.9623 262.6614 1
387.7450 299.8401 1
349.5204 422.7343 1
268.0812 490.2307 1
234.3651 331.2445 1
304.3721 225.0984 1
198.9539 292.4002 1
210.0288 343.8335 1
393.5293 450.9035 1
418.3411 285.5953 1
166.7194 327.9728 1
271.8598 259.1060 1
385.5877 203.0461 1
314.5625 369.4149 1
432.9437 219.2227 1
195.5303 440.8947 1
446.8555 383.2974 1
156.9717 313.6876 1
423.1284 356.0693 1
250.0479 428.2896 1
224.9884 387.4037 1
293.1844 403.0210 1
269.9617 364.6883 1
370.4833 265.3301 1
411.2106 482.8171 1
405.8236 457.5071 1
434.1347 379.7756 1
337.6822 270.4017 1
206.5396 345.5950 1
181.8964 356.7825 1
187.4503 267.4889 1
166.5367 415.4481 1
352.7144 248.0536 1
179.5311 287.9156 1
267.8358 304.0509 1
318.9379 212.8446 1
397.6459 396.5493 1
404.5016 495.4912 1
430.9200 281.2144 1
376.7751 393.7298 1
183.7502 481.2841 1
384.6525 271.3060 1
305.2638 389.8756 1
270.8470 402.0484 1
307.5473 453.8665 1
423.4338 209.9386 1
330.6953 353.9478 1
312.4283 366.6181 1
278.6789 374.2982 1
316.2904 435.5531 1
356.7570 345.7632 1
446.2127 234.3112 1
195.4654 306.8798 1
162.8392 313.4702 1
235.9668 212.2514 1
420.2342 488.4034 1
243.5428 485.4265 1
153.4193 457.1367 1
274.6245 362.6307 1
161.2630 363.6355 1
242.9053 208.9115 1
308.9847 260.2448 1
296.7878 266.2763 1
189.2013 472.8608 1
268.1393 441.8020 1
243.7998 346.8947 1
284.0231 350.8691 1
292.6122 249.1090 1
223.9050 439.6713 1
421.5638 202.0247 1
254.0052 325.9914 1
323.7976 286.3614 1
312.5989 220.8671 1
405.1775 374.3516 1
184.8748 321.4029 1
390.8494 425.3286 1
179.6329 363.1685 1
232.8660 245.0551 1
200.3334 266.5753 1
371.5133 442.8062 1
270.2682 254.9779 1
266.3667 497.8580 1
369.0304 419.6628 1
362.9162 415.8560 1
295.2562 467.0801 1
392.3476 479.4471 1
259.9517 463.8880 1
348.6471 306.1776 1
404.3678 458.2641 1
200.2604 348.6202 1
317.0670 418.0404 1
235.5892 404.3562 1
406.5248 429.2776 1
174.1511 212.4667 1
413.7484 225.1769 1
402.9594 443.8765 1
280.2604 339.5885 1
277.0884 400.7784 1
302.3138 253.0079 1
156.5659 365.3937 1
372.7006 201.5930 1
225.3834 390.9172 1
336.3985 347.6075 1
252.6785 218.2559 1
388.9858 343.8419 1
235.5978 447.1522 1
371.2801 472.5300 1
180.2584 485.1092 1
250.8947 219.1187 1
395.5122 214.4884 1
386.5847 320.0181 1
392.3012 480.9939 1
208.5765 288.1628 1
354.1346 232.2760 1
378.2054 201.8784 1
206.1810 239.3258 1
165.9776 476.8291 1
218.6140 212.8354 1
245.3387 245.4902 1
439.4366 404.5712 1
212.3041 283.4085 1
188.2367 316.2381 1
224.9548 405.9574 1
261.4812 384.1120 1
247.3888 233.1346 1
346.4990 377.2197 1
272.3929 212.2414 1
398.8893 375.4745 1
424.2741 458.5192 1
311.6176 350.6286 1
153.5276 239.0186 1
340.9050 220.7621 1
195.1285 244.4402 1
403.9332 488.5856 1
375.5546 210.9462 1
431.2045 419.4364 1
350.3929 428.3613 1
355.3401 489.3674 1
210.0468 407.2632 1
295.7647 387.9095 1
291.2900 393.9756 1
251.9309 443.5752 1
352.5989 204.7529 1
311.4376 469.2067 1
345.5938 313.9565 1
257.3061 233.9469 1
205.8259 287.8325 1
225.2022 441.7212 1
391.0221 217.3377 1
438.1229 202.1669 1
266.0393 203.9134 1
374.9436 416.2318 1
443.6516 339.3562 1
179.8285 225.5515 1
384.8219 402.1584 1
375.6049 342.2820 1
423.5475 202.0169 1
225.8577 450.2410 1
433.5553 252.3108 1
427.6634 404.2112 1
388.7540 402.1082 1
338.6982 439.3273 1
165.0607 484.9540 1
408.7289 288.3555 1
243.3922 488.6684 1
364.7743 396.7568 1
219.5107 373.9546 1
389.7699 269.7913 1
422.4027 363.2928 1
284.1144 432.1382 1
272.1966 466.1238 1
380.3530 330.3126 1
227.3189 455.9841 1
356.5234 486.7063 1
220.0192 425.3943 1
440.0793 452.6806 1
424.6041 336.3367 1
175.0538 222.4975 1
186.5040 444.1028 1
307.3932 399.6104 1
186.8843 290.0874 1
272.8652 483.1180 1
256.3309 253.0256 1
339.6626 401.9818 1
320.5118 278.7632 1
371.5463 428.3529 1
283.9431 244.0252 1
168.1653 434.6223 1
224.8649 314.7545 1
391.1415 315.7475 1
446.2572 351.2001 1
213.3703 202.4036 1
363.7843 487.1054 1
178.4720 200.6605 1
376.3341 252.7464 1
448.7084 221.7402 1
267.3704 294.5089 1
226.4721 218.4502 1
200.1026 300.1976 1
340.0944 302.4667 1
229.4842 222.8650 1
406.5974 372.4432 1
406.3696 452.2746 1
204.0783 283.9903 1
246.9167 449.0053 1
427.8724 359.7775 1
334.7076 367.0099 1
449.8621 310.9798 1
197.3017 231.8147 1
361.7314 475.5538 1
215.6221 497.6821 1
191.0602 389.3333 1
185.6730 349.2438 1
308.2404 438.2380 1
383.2765 439.5244 1
439.4174 475.8159 1
387.7695 288.5472 1
337.2189 265.9111 1
335.1019 320.1173 1
310.6004 440.2014 1
318.6609 235.3613 1
349.5089 342.5502 1
161.0126 352.9427 1
286.6739 376.1583 1
410.8980 286.7091 1
329.9107 292.4594 1
281.4508 368.2095 1
163.8688 300.8142 1
241.7667 284.7431 1
281.2826 216.2072 1
342.4664 328.5008 1
153.8026 333.4476 1
170.7426 305.8838 1
442.4130 397.1602 1
440.8375 301.0775 1
385.7206 332.4023 1
404.4127 315.4002 1
370.4453 264.8331 1
397.4299 387.6303 1
358.8909 309.7044 1
217.3648 241.2363 1
244.3808 397.8024 1
245.9011 351.0500 1
198.2172 265.8979 1
375.2380 291.9658 1
322.1293 276.2143 1
223.3187 250.0071 1
348.6868 395.8294 1
412.3237 303.0938 1
260.8638 466.2679 1
378.1161 266.5460 1
264.6620 418.6814 1
221.1226 495.5491 1
410.6440 417.7884 1
